#Layer_Color=32768
#
#Feature symbol names
#
$0 r1.9685
$1 r3.937

#
#Feature attribute names
#

#
#Layer features
#
L 0.000984 0.286866 0.000984 0.995134 0 P 0
L 0.000984 0.286866 0.630118 0.286866 0 P 0
L 0.000984 0.995134 0.630118 0.995134 0 P 0
L 0.000984 2.51778 0.000984 3.34022 0 P 0
L 0.000984 2.51778 0.95374 2.51778 0 P 0
L 0.000984 3.34022 0.95374 3.34022 0 P 0
L 0.0019685 3.686276 0.0019685 4.345724 1 P 0
L 0.0019685 3.686276 0.7066925 3.686276 1 P 0
L 0.0019685 4.345724 0.7066925 4.345724 1 P 0
L 0.092716 1.508914 0.132086 1.508914 0 P 0
L 0.112402 1.489228 0.112402 1.528598 0 P 0
L 0.144284 3.371316 0.144284 3.410686 0 P 0
L 0.144284 3.371316 0.219086 3.371316 0 P 0
L 0.144284 3.410686 0.219086 3.410686 0 P 0
L 0.170858 3.391 0.192512 3.391 0 P 0
L 0.181686 3.380174 0.181686 3.401826 0 P 0
L 0.219086 3.371316 0.219086 3.410686 0 P 0
L 0.2373141 4.4305358 0.2373141 4.4974638 0 P 0
L 0.2373141 4.4305358 0.2766841 4.4305358 0 P 0
L 0.2373141 4.4974638 0.2766841 4.4974638 0 P 0
L 0.24957 3.358566 0.24957 3.429434 0 P 0
L 0.24957 3.358566 0.32843 3.358566 0 P 0
L 0.24957 3.429434 0.32843 3.429434 0 P 0
L 0.2505041 4.4639998 0.2634961 4.4639998 0 P 0
L 0.2570001 4.4575038 0.2570001 4.4704958 0 P 0
L 0.262598 2.425316 0.262598 2.464686 0 P 0
L 0.262598 2.425316 0.337402 2.425316 0 P 0
L 0.262598 2.464686 0.337402 2.464686 0 P 0
L 0.266566 1.730882 0.266566 1.841118 0 P 0
L 0.266566 1.730882 0.337434 1.730882 0 P 0
L 0.266566 1.841118 0.337434 1.841118 0 P 0
L 0.268504 0.641 0.307874 0.641 1 P 0
L 0.269314 3.394 0.308686 3.394 1 P 0
L 0.2766841 4.4305358 0.2766841 4.4974638 0 P 0
L 0.288188 0.621316 0.288188 0.660686 1 P 0
L 0.289 3.374316 0.289 3.413686 1 P 0
L 0.289174 2.445 0.310826 2.445 0 P 0
L 0.290188 1.786 0.313812 1.786 0 P 0
L 0.3 2.434174 0.3 2.455826 0 P 0
L 0.302 1.774188 0.302 1.797812 0 P 0
L 0.32493 4.920472 0.32493 4.979528 0 P 0
L 0.32493 4.920472 0.44304 4.920472 0 P 0
L 0.32493 4.979528 0.44304 4.979528 0 P 0
L 0.32493 4.980614 0.32493 5.03967 0 P 0
L 0.32493 4.980614 0.44304 4.980614 0 P 0
L 0.32493 5.03967 0.44304 5.03967 0 P 0
L 0.32493 5.051472 0.32493 5.110528 0 P 0
L 0.32493 5.051472 0.44304 5.051472 0 P 0
L 0.32493 5.110528 0.44304 5.110528 0 P 0
L 0.324944 4.852472 0.324944 4.911528 0 P 0
L 0.324944 4.852472 0.443056 4.852472 0 P 0
L 0.324944 4.911528 0.443056 4.911528 0 P 0
L 0.32843 3.358566 0.32843 3.429434 0 P 0
L 0.337402 2.425316 0.337402 2.464686 0 P 0
L 0.337434 1.730882 0.337434 1.841118 0 P 0
L 0.339968 1.29563 0.339968 1.41374 0 P 0
L 0.339968 1.29563 0.466346 1.29563 0 P 0
L 0.339968 1.41374 0.466346 1.41374 0 P 0
L 0.343968 1.56163 0.343968 1.67974 0 P 0
L 0.343968 1.56163 0.470346 1.56163 0 P 0
L 0.343968 1.67974 0.470346 1.67974 0 P 0
L 0.348598 3.354314 0.348598 3.393684 0 P 0
L 0.348598 3.354314 0.423402 3.354314 0 P 0
L 0.348598 3.393684 0.423402 3.393684 0 P 0
L 0.35257 2.409568 0.35257 2.480434 0 P 0
L 0.35257 2.409568 0.43143 2.409568 0 P 0
L 0.35257 2.480434 0.43143 2.480434 0 P 0
L 0.365284 4.95 0.402686 4.95 0 P 0
L 0.365284 5.010142 0.402686 5.010142 0 P 0
L 0.365284 5.081 0.402686 5.081 0 P 0
L 0.3653 4.882 0.4027 4.882 0 P 0
L 0.372314 2.445 0.411686 2.445 1 P 0
L 0.375174 3.374 0.396826 3.374 0 P 0
L 0.383472 1.354686 0.422842 1.354686 1 P 0
L 0.383984 4.9313 0.383984 4.9687 0 P 0
L 0.383984 4.991442 0.383984 5.028842 0 P 0
L 0.383984 5.0623 0.383984 5.0997 0 P 0
L 0.384 4.8633 0.384 4.9007 0 P 0
L 0.386 3.363174 0.386 3.384826 0 P 0
L 0.387472 1.620686 0.426842 1.620686 1 P 0
L 0.392 2.425316 0.392 2.464686 1 P 0
L 0.403158 1.335 0.403158 1.37437 1 P 0
L 0.407158 1.601 0.407158 1.64037 1 P 0
L 0.423402 3.354314 0.423402 3.393684 0 P 0
L 0.43143 2.409568 0.43143 2.480434 0 P 0
L 0.44304 4.920472 0.44304 4.979528 0 P 0
L 0.44304 4.980614 0.44304 5.03967 0 P 0
L 0.44304 5.051472 0.44304 5.110528 0 P 0
L 0.443056 4.852472 0.443056 4.911528 0 P 0
L 0.447598 2.465316 0.447598 2.504686 0 P 0
L 0.447598 2.465316 0.522402 2.465316 0 P 0
L 0.447598 2.504686 0.522402 2.504686 0 P 0
L 0.452598 4.334314 0.452598 4.373684 0 P 0
L 0.452598 4.334314 0.527402 4.334314 0 P 0
L 0.452598 4.373684 0.527402 4.373684 0 P 0
L 0.457598 0.228316 0.457598 0.267686 0 P 0
L 0.457598 0.228316 0.532402 0.228316 0 P 0
L 0.457598 0.267686 0.532402 0.267686 0 P 0
L 0.45985 1.00963 0.45985 1.049 0 P 0
L 0.45985 1.00963 0.52678 1.00963 0 P 0
L 0.45985 1.049 0.52678 1.049 0 P 0
L 0.466346 1.29563 0.466346 1.41374 0 P 0
L 0.467284 2.40563 0.467284 2.445 0 P 0
L 0.467284 2.40563 0.542086 2.40563 0 P 0
L 0.467284 2.445 0.542086 2.445 0 P 0
L 0.470346 1.56163 0.470346 1.67974 0 P 0
L 0.474174 2.485 0.495826 2.485 0 P 0
L 0.479174 4.354 0.500826 4.354 0 P 0
L 0.484174 0.248 0.505826 0.248 0 P 0
L 0.485 2.474174 0.485 2.495826 0 P 0
L 0.486818 1.029314 0.499812 1.029314 0 P 0
L 0.49 4.343174 0.49 4.364826 0 P 0
L 0.493316 1.022818 0.493316 1.03581 0 P 0
L 0.493858 2.425316 0.515512 2.425316 0 P 0
L 0.495 0.237174 0.495 0.258826 0 P 0
L 0.504686 2.414488 0.504686 2.436142 0 P 0
L 0.504922 2.929 0.544292 2.929 1 P 0
L 0.511052 1.60637 0.511052 1.64574 0 P 0
L 0.511052 1.60637 0.585854 1.60637 0 P 0
L 0.511052 1.64574 0.585854 1.64574 0 P 0
L 0.511052 1.654834 0.511052 1.694204 0 P 0
L 0.511052 1.654834 0.585854 1.654834 0 P 0
L 0.511052 1.694204 0.585854 1.694204 0 P 0
L 0.522402 2.465316 0.522402 2.504686 0 P 0
L 0.524606 2.909316 0.524606 2.948686 1 P 0
L 0.52678 1.00963 0.52678 1.049 0 P 0
L 0.527402 4.334314 0.527402 4.373684 0 P 0
L 0.5288338 4.7536939 0.5288338 4.8127499 0 P 0
L 0.5288338 4.7536939 0.6469458 4.7536939 0 P 0
L 0.5288338 4.8127499 0.6469458 4.8127499 0 P 0
L 0.528944 4.673472 0.528944 4.732528 0 P 0
L 0.528944 4.673472 0.647056 4.673472 0 P 0
L 0.528944 4.732528 0.647056 4.732528 0 P 0
L 0.532402 0.228316 0.532402 0.267686 0 P 0
L 0.535528 2.465316 0.535528 2.504686 0 P 0
L 0.535528 2.465316 0.602456 2.465316 0 P 0
L 0.535528 2.504686 0.602456 2.504686 0 P 0
L 0.537626 1.626056 0.55928 1.626056 0 P 0
L 0.537626 1.67452 0.55928 1.67452 0 P 0
L 0.542086 2.40563 0.542086 2.445 0 P 0
L 0.548452 1.61523 0.548452 1.636882 0 P 0
L 0.548452 1.663692 0.548452 1.685346 0 P 0
L 0.562496 2.485 0.575488 2.485 0 P 0
L 0.568992 2.478504 0.568992 2.491496 0 P 0
L 0.5691898 4.7832219 0.6065898 4.7832219 0 P 0
L 0.5693 4.703 0.6067 4.703 0 P 0
L 0.585314 1.021598 0.585314 1.096402 0 P 0
L 0.585314 1.021598 0.624684 1.021598 0 P 0
L 0.585314 1.096402 0.624684 1.096402 0 P 0
L 0.585854 1.60637 0.585854 1.64574 0 P 0
L 0.585854 1.654834 0.585854 1.694204 0 P 0
L 0.5878898 4.7645219 0.5878898 4.8019219 0 P 0
L 0.588 4.6843 0.588 4.7217 0 P 0
L 0.594174 1.059 0.615826 1.059 0 P 0
L 0.602456 2.465316 0.602456 2.504686 0 P 0
L 0.605 1.048174 0.605 1.069826 0 P 0
L 0.624684 1.021598 0.624684 1.096402 0 P 0
L 0.630118 0.286866 0.630118 0.995134 0 P 0
L 0.63563 1.022598 0.63563 1.097402 0 P 0
L 0.63563 1.022598 0.675 1.022598 0 P 0
L 0.63563 1.097402 0.675 1.097402 0 P 0
L 0.644488 1.06 0.666142 1.06 0 P 0
L 0.6469458 4.7536939 0.6469458 4.8127499 0 P 0
L 0.647056 4.673472 0.647056 4.732528 0 P 0
L 0.655314 0.583914 0.655314 0.658716 0 P 0
L 0.655314 0.583914 0.694684 0.583914 0 P 0
L 0.655314 0.658716 0.694684 0.658716 0 P 0
L 0.655316 1.049174 0.655316 1.070826 0 P 0
L 0.664174 0.621316 0.685826 0.621316 0 P 0
L 0.674378 0.876946 0.674378 0.959622 0 P 0
L 0.674378 0.876946 0.721622 0.876946 0 P 0
L 0.674378 0.959622 0.721622 0.959622 0 P 0
L 0.675 0.610488 0.675 0.632142 0 P 0
L 0.675 1.022598 0.675 1.097402 0 P 0
L 0.67703 0.778314 0.67703 0.817684 0 P 0
L 0.67703 0.778314 0.751834 0.778314 0 P 0
L 0.67703 0.817684 0.751834 0.817684 0 P 0
L 0.680968 0.830314 0.680968 0.869686 0 P 0
L 0.680968 0.830314 0.747896 0.830314 0 P 0
L 0.680968 0.869686 0.747896 0.869686 0 P 0
L 0.68619 0.918284 0.709812 0.918284 0 P 0
L 0.694684 0.583914 0.694684 0.658716 0 P 0
L 0.695662 1.400228 0.695662 1.553772 0 P 0
L 0.695662 1.400228 0.778338 1.400228 0 P 0
L 0.695662 1.553772 0.778338 1.553772 0 P 0
L 0.698 0.906472 0.698 0.930094 0 P 0
L 0.698684 1.565568 0.698684 1.675804 0 P 0
L 0.698684 1.565568 0.76955 1.565568 0 P 0
L 0.698684 1.675804 0.76955 1.675804 0 P 0
L 0.702306 0.623284 0.702306 0.698086 0 P 0
L 0.702306 0.623284 0.741678 0.623284 0 P 0
L 0.702306 0.698086 0.741678 0.698086 0 P 0
L 0.703606 0.798 0.725258 0.798 0 P 0
L 0.704564 1.020322 0.704564 1.185678 0 P 0
L 0.704564 1.020322 0.971452 1.020322 0 P 0
L 0.704564 1.185678 0.971452 1.185678 0 P 0
L 0.7066925 3.686276 0.7066925 4.345724 1 P 0
L 0.707936 0.85 0.720928 0.85 0 P 0
L 0.711166 0.660686 0.732818 0.660686 0 P 0
L 0.714432 0.787174 0.714432 0.808826 0 P 0
L 0.714432 0.843504 0.714432 0.856496 0 P 0
L 0.7183 1.477 0.7557 1.477 0 P 0
L 0.720314 4.246598 0.720314 4.321402 0 P 0
L 0.720314 4.246598 0.759684 4.246598 0 P 0
L 0.720314 4.321402 0.759684 4.321402 0 P 0
L 0.721622 0.876946 0.721622 0.959622 0 P 0
L 0.721958 1.222 0.721958 1.28893 0 P 0
L 0.721958 1.222 0.761328 1.222 0 P 0
L 0.721958 1.28893 0.761328 1.28893 0 P 0
L 0.721992 0.649858 0.721992 0.671512 0 P 0
L 0.722306 1.620686 0.745928 1.620686 0 P 0
L 0.729174 4.284 0.750826 4.284 0 P 0
L 0.730378 0.875694 0.730378 0.95837 0 P 0
L 0.730378 0.875694 0.777622 0.875694 0 P 0
L 0.730378 0.95837 0.777622 0.95837 0 P 0
L 0.734118 1.608874 0.734118 1.632498 0 P 0
L 0.735146 1.255464 0.748138 1.255464 0 P 0
L 0.737 1.4583 0.737 1.4957 0 P 0
L 0.74 4.273174 0.74 4.294826 0 P 0
L 0.741598 3.826316 0.741598 3.865686 0 P 0
L 0.741598 3.826316 0.816402 3.826316 0 P 0
L 0.741598 3.865686 0.816402 3.865686 0 P 0
L 0.741642 1.248968 0.741642 1.26196 0 P 0
L 0.741678 0.623284 0.741678 0.698086 0 P 0
L 0.74219 0.917032 0.765812 0.917032 0 P 0
L 0.747896 0.830314 0.747896 0.869686 0 P 0
L 0.751316 0.381158 0.751316 0.448086 0 P 0
L 0.751316 0.381158 0.790686 0.381158 0 P 0
L 0.751316 0.448086 0.790686 0.448086 0 P 0
L 0.751316 0.494744 0.751316 0.561674 0 P 0
L 0.751316 0.494744 0.790686 0.494744 0 P 0
L 0.751316 0.561674 0.790686 0.561674 0 P 0
L 0.751834 0.778314 0.751834 0.817684 0 P 0
L 0.754 0.90522 0.754 0.928842 0 P 0
L 0.759684 4.246598 0.759684 4.321402 0 P 0
L 0.761328 1.222 0.761328 1.28893 0 P 0
L 0.764504 0.414622 0.777496 0.414622 0 P 0
L 0.764504 0.528208 0.777496 0.528208 0 P 0
L 0.768174 3.846 0.789826 3.846 0 P 0
L 0.76955 1.565568 0.76955 1.675804 0 P 0
L 0.771 0.408126 0.771 0.421118 0 P 0
L 0.771 0.521712 0.771 0.534706 0 P 0
L 0.775024 1.220818 0.775024 1.323182 0 P 0
L 0.775024 1.220818 0.902976 1.220818 0 P 0
L 0.775024 1.323182 0.902976 1.323182 0 P 0
L 0.777622 0.875694 0.777622 0.95837 0 P 0
L 0.778338 1.400228 0.778338 1.553772 0 P 0
L 0.779 3.835174 0.779 3.856826 0 P 0
L 0.78463 0.717292 0.78463 0.849182 0 P 0
L 0.78463 0.717292 0.94211 0.717292 0 P 0
L 0.78463 0.849182 0.94211 0.849182 0 P 0
L 0.786796 0.66833 0.786796 0.7077 0 P 0
L 0.786796 0.66833 0.853724 0.66833 0 P 0
L 0.786796 0.7077 0.853724 0.7077 0 P 0
L 0.790686 0.381158 0.790686 0.448086 0 P 0
L 0.790686 0.494744 0.790686 0.561674 0 P 0
L 0.79433 1.450764 0.79433 1.671236 0 P 0
L 0.79433 1.450764 1.085668 1.450764 0 P 0
L 0.79433 1.671236 1.085668 1.671236 0 P 0
L 0.795314 3.968598 0.795314 4.043402 0 P 0
L 0.795314 3.968598 0.834684 3.968598 0 P 0
L 0.795314 4.043402 0.834684 4.043402 0 P 0
L 0.797314 4.110598 0.797314 4.185402 0 P 0
L 0.797314 4.110598 0.836684 4.110598 0 P 0
L 0.797314 4.185402 0.836684 4.185402 0 P 0
L 0.804174 4.006 0.825826 4.006 0 P 0
L 0.804182 0.946118 0.804182 0.985488 0 P 0
L 0.804182 0.946118 0.878984 0.946118 0 P 0
L 0.804182 0.985488 0.878984 0.985488 0 P 0
L 0.806174 4.148 0.827826 4.148 0 P 0
L 0.806284 0.899314 0.806284 0.938686 0 P 0
L 0.806284 0.899314 0.881086 0.899314 0 P 0
L 0.806284 0.938686 0.881086 0.938686 0 P 0
L 0.809102 0.310292 0.809102 0.578008 0 P 0
L 0.809102 0.310292 0.946898 0.310292 0 P 0
L 0.809102 0.578008 0.946898 0.578008 0 P 0
L 0.813764 0.688016 0.826756 0.688016 0 P 0
L 0.815 3.995174 0.815 4.016826 0 P 0
L 0.816402 3.826316 0.816402 3.865686 0 P 0
L 0.817 4.137174 0.817 4.158826 0 P 0
L 0.818322 1.103 0.857692 1.103 1 P 0
L 0.819314 1.272 0.858686 1.272 1 P 0
L 0.82026 0.68152 0.82026 0.694512 0 P 0
L 0.8230005 4.369134 0.8230005 4.560866 0 P 0
L 0.8230005 4.369134 0.9230005 4.369134 0 P 0
L 0.8230005 4.560866 0.9230005 4.560866 0 P 0
L 0.830756 0.965804 0.85241 0.965804 0 P 0
L 0.832858 0.919 0.854512 0.919 0 P 0
L 0.834684 3.968598 0.834684 4.043402 0 P 0
L 0.836684 4.110598 0.836684 4.185402 0 P 0
L 0.838008 1.083316 0.838008 1.122686 1 P 0
L 0.839 1.252314 0.839 1.291686 1 P 0
L 0.841582 0.954976 0.841582 0.97663 0 P 0
L 0.843686 0.783236 0.883056 0.783236 1 P 0
L 0.843686 0.908174 0.843686 0.929826 0 P 0
L 0.8533145 4.465 0.8926845 4.465 1 P 0
L 0.853724 0.66833 0.853724 0.7077 0 P 0
L 0.858314 0.44415 0.897686 0.44415 1 P 0
L 0.8594739 4.265316 0.8594739 4.304686 0 P 0
L 0.8594739 4.265316 0.9342779 4.265316 0 P 0
L 0.8594739 4.304686 0.9342779 4.304686 0 P 0
L 0.861598 4.3165207 0.861598 4.3558907 0 P 0
L 0.861598 4.3165207 0.936402 4.3165207 0 P 0
L 0.861598 4.3558907 0.936402 4.3558907 0 P 0
L 0.86337 0.763552 0.86337 0.802922 1 P 0
L 0.871866 1.69807 0.871866 1.761064 0 P 0
L 0.871866 1.69807 0.978166 1.69807 0 P 0
L 0.871866 1.761064 0.978166 1.761064 0 P 0
L 0.8730005 4.445314 0.8730005 4.484684 1 P 0
L 0.878 0.424464 0.878 0.463836 1 P 0
L 0.878984 0.946118 0.878984 0.985488 0 P 0
L 0.881086 0.899314 0.881086 0.938686 0 P 0
L 0.8860499 4.285 0.9077019 4.285 0 P 0
L 0.888174 4.3362047 0.909826 4.3362047 0 P 0
L 0.8968759 4.274174 0.8968759 4.295826 0 P 0
L 0.897874 0.8583 0.897874 0.89767 0 P 0
L 0.897874 0.8583 0.972678 0.8583 0 P 0
L 0.897874 0.89767 0.972678 0.89767 0 P 0
L 0.899 4.3253787 0.899 4.3470307 0 P 0
L 0.902976 1.220818 0.902976 1.323182 0 P 0
L 0.90533 1.729566 0.9447 1.729566 1 P 0
L 0.920314 1.561 0.959684 1.561 1 P 0
L 0.9230005 4.369134 0.9230005 4.560866 0 P 0
L 0.924448 0.877984 0.946102 0.877984 0 P 0
L 0.925016 1.709882 0.925016 1.749252 1 P 0
L 0.9342779 4.265316 0.9342779 4.304686 0 P 0
L 0.935276 0.867158 0.935276 0.88881 0 P 0
L 0.935276 1.224756 0.935276 1.29956 0 P 0
L 0.935276 1.224756 0.974646 1.224756 0 P 0
L 0.935276 1.29956 0.974646 1.29956 0 P 0
L 0.936402 4.3165207 0.936402 4.3558907 0 P 0
L 0.94 1.541314 0.94 1.580684 1 P 0
L 0.94211 0.717292 0.94211 0.849182 0 P 0
L 0.944134 1.262158 0.965788 1.262158 0 P 0
L 0.946898 0.310292 0.946898 0.578008 0 P 0
L 0.95374 2.51778 0.95374 3.34022 0 P 0
L 0.95496 1.25133 0.95496 1.272984 0 P 0
L 0.956316 0.641598 0.956316 0.716402 0 P 0
L 0.956316 0.641598 0.995686 0.641598 0 P 0
L 0.956316 0.716402 0.995686 0.716402 0 P 0
L 0.965174 0.679 0.986826 0.679 0 P 0
L 0.971452 1.020322 0.971452 1.185678 0 P 0
L 0.972678 0.8583 0.972678 0.89767 0 P 0
L 0.974646 1.224756 0.974646 1.29956 0 P 0
L 0.976 0.668174 0.976 0.689826 0 P 0
L 0.978166 1.69807 0.978166 1.761064 0 P 0
L 0.987574 1.228692 0.987574 1.295622 0 P 0
L 0.987574 1.228692 1.026944 1.228692 0 P 0
L 0.987574 1.295622 1.026944 1.295622 0 P 0
L 0.992536 0.432464 0.992536 0.471836 0 P 0
L 0.992536 0.432464 1.059464 0.432464 0 P 0
L 0.992536 0.471836 1.059464 0.471836 0 P 0
L 0.992544 0.473678 0.992544 0.513048 0 P 0
L 0.992544 0.473678 1.059472 0.473678 0 P 0
L 0.992544 0.513048 1.059472 0.513048 0 P 0
L 0.995686 0.641598 0.995686 0.716402 0 P 0
L 0.996528 0.316198 0.996528 0.355568 0 P 0
L 0.996528 0.316198 1.063456 0.316198 0 P 0
L 0.996528 0.355568 1.063456 0.355568 0 P 0
L 0.996536 0.356314 0.996536 0.395686 0 P 0
L 0.996536 0.356314 1.063464 0.356314 0 P 0
L 0.996536 0.395686 1.063464 0.395686 0 P 0
L 1.000762 1.262158 1.013754 1.262158 0 P 0
L 1.005566 1.687574 1.005566 1.845056 0 P 0
L 1.005566 1.687574 1.08037 1.687574 0 P 0
L 1.005566 1.845056 1.08037 1.845056 0 P 0
L 1.007258 1.255662 1.007258 1.268654 0 P 0
L 1.014212 0.904254 1.014212 0.943624 0 P 0
L 1.014212 0.904254 1.089014 0.904254 0 P 0
L 1.014212 0.943624 1.089014 0.943624 0 P 0
L 1.014212 0.946118 1.014212 0.985488 0 P 0
L 1.014212 0.946118 1.089014 0.946118 0 P 0
L 1.014212 0.985488 1.089014 0.985488 0 P 0
L 1.014536 3.214314 1.014536 3.253686 0 P 0
L 1.014536 3.214314 1.081464 3.214314 0 P 0
L 1.014536 3.253686 1.081464 3.253686 0 P 0
L 1.01722 3.149314 1.01722 3.188686 0 P 0
L 1.01722 3.149314 1.08415 3.149314 0 P 0
L 1.01722 3.188686 1.08415 3.188686 0 P 0
L 1.019504 0.45215 1.032496 0.45215 0 P 0
L 1.019512 0.493362 1.032504 0.493362 0 P 0
L 1.019536 2.669316 1.019536 2.708686 0 P 0
L 1.019536 2.669316 1.086464 2.669316 0 P 0
L 1.019536 2.708686 1.086464 2.708686 0 P 0
L 1.021276 0.763552 1.021276 0.802922 0 P 0
L 1.021276 0.763552 1.096078 0.763552 0 P 0
L 1.021276 0.802922 1.096078 0.802922 0 P 0
L 1.021314 1.137598 1.021314 1.212402 0 P 0
L 1.021314 1.137598 1.060684 1.137598 0 P 0
L 1.021314 1.212402 1.060684 1.212402 0 P 0
L 1.02194 2.613314 1.02194 2.652686 0 P 0
L 1.02194 2.613314 1.08887 2.613314 0 P 0
L 1.02194 2.652686 1.08887 2.652686 0 P 0
L 1.022598 0.716316 1.022598 0.755686 0 P 0
L 1.022598 0.716316 1.097402 0.716316 0 P 0
L 1.022598 0.755686 1.097402 0.755686 0 P 0
L 1.023284 1.766314 1.062654 1.766314 1 P 0
L 1.023496 0.335882 1.036488 0.335882 0 P 0
L 1.023504 0.376 1.036496 0.376 0 P 0
L 1.026 0.445654 1.026 0.458646 0 P 0
L 1.026008 0.486866 1.026008 0.499858 0 P 0
L 1.026944 1.228692 1.026944 1.295622 0 P 0
L 1.028 0.8583 1.028 0.89767 0 P 0
L 1.028 0.8583 1.09493 0.8583 0 P 0
L 1.028 0.89767 1.09493 0.89767 0 P 0
L 1.029274 0.81141 1.029274 0.85078 0 P 0
L 1.029274 0.81141 1.096204 0.81141 0 P 0
L 1.029274 0.85078 1.096204 0.85078 0 P 0
L 1.029992 0.329386 1.029992 0.342378 0 P 0
L 1.03 0.369504 1.03 0.382496 0 P 0
L 1.030174 1.175 1.051826 1.175 0 P 0
L 1.040786 0.923938 1.06244 0.923938 0 P 0
L 1.040786 0.965802 1.06244 0.965802 0 P 0
L 1.041 1.164174 1.041 1.185826 0 P 0
L 1.041504 3.234 1.054496 3.234 0 P 0
L 1.042968 1.74663 1.042968 1.786 1 P 0
L 1.044188 3.169 1.057182 3.169 0 P 0
L 1.046504 2.689 1.059496 2.689 0 P 0
L 1.04785 0.783236 1.069504 0.783236 0 P 0
L 1.048 3.227504 1.048 3.240496 0 P 0
L 1.04891 2.633 1.061902 2.633 0 P 0
L 1.049174 0.736 1.070826 0.736 0 P 0
L 1.050686 3.162504 1.050686 3.175496 0 P 0
L 1.051614 0.913112 1.051614 0.934766 0 P 0
L 1.051614 0.954976 1.051614 0.97663 0 P 0
L 1.053 2.682504 1.053 2.695496 0 P 0
L 1.054968 0.877984 1.06796 0.877984 0 P 0
L 1.055406 2.626504 1.055406 2.639496 0 P 0
L 1.056244 0.831094 1.069236 0.831094 0 P 0
L 1.058678 0.77241 1.058678 0.794062 0 P 0
L 1.059464 0.432464 1.059464 0.471836 0 P 0
L 1.059472 0.473678 1.059472 0.513048 0 P 0
L 1.06 0.725174 1.06 0.746826 0 P 0
L 1.060684 1.137598 1.060684 1.212402 0 P 0
L 1.061464 0.871488 1.061464 0.88448 0 P 0
L 1.06274 0.824598 1.06274 0.83759 0 P 0
L 1.063456 0.316198 1.063456 0.355568 0 P 0
L 1.063464 0.356314 1.063464 0.395686 0 P 0
L 1.08037 1.687574 1.08037 1.845056 0 P 0
L 1.081464 3.214314 1.081464 3.253686 0 P 0
L 1.0821448 4.5905485 1.0821448 4.6496045 0 P 0
L 1.0821448 4.5905485 1.2002568 4.5905485 0 P 0
L 1.0821448 4.6496045 1.2002568 4.6496045 0 P 0
L 1.08415 3.149314 1.08415 3.188686 0 P 0
L 1.085668 1.450764 1.085668 1.671236 0 P 0
L 1.086464 2.669316 1.086464 2.708686 0 P 0
L 1.08887 2.613314 1.08887 2.652686 0 P 0
L 1.089014 0.904254 1.089014 0.943624 0 P 0
L 1.089014 0.946118 1.089014 0.985488 0 P 0
L 1.090662 1.688228 1.090662 1.841772 0 P 0
L 1.090662 1.688228 1.173338 1.688228 0 P 0
L 1.090662 1.841772 1.173338 1.841772 0 P 0
L 1.09493 0.8583 1.09493 0.89767 0 P 0
L 1.096078 0.763552 1.096078 0.802922 0 P 0
L 1.096204 0.81141 1.096204 0.85078 0 P 0
L 1.097402 0.716316 1.097402 0.755686 0 P 0
L 1.1133 1.765 1.1507 1.765 0 P 0
L 1.1225008 4.6200765 1.1599008 4.6200765 0 P 0
L 1.123724 1.477346 1.123724 1.520654 0 P 0
L 1.123724 1.477346 1.214276 1.477346 0 P 0
L 1.123724 1.520654 1.214276 1.520654 0 P 0
L 1.128236 4.691456 1.128236 4.998544 0 P 0
L 1.128236 4.691456 1.407764 4.691456 0 P 0
L 1.128236 4.998544 1.407764 4.998544 0 P 0
L 1.132 1.7463 1.132 1.7837 0 P 0
L 1.1412008 4.6013765 1.1412008 4.6387765 0 P 0
L 1.1503 1.499 1.1877 1.499 0 P 0
L 1.1617595 4.524906 1.1617595 4.583962 0 P 0
L 1.1617595 4.524906 1.2798715 4.524906 0 P 0
L 1.1617595 4.583962 1.2798715 4.583962 0 P 0
L 1.169 1.4803 1.169 1.5177 0 P 0
L 1.173338 1.688228 1.173338 1.841772 0 P 0
L 1.2002568 4.5905485 1.2002568 4.6496045 0 P 0
L 1.200354 1.045614 1.200354 1.3527 0 P 0
L 1.200354 1.045614 1.420826 1.045614 0 P 0
L 1.200354 1.3527 1.420826 1.3527 0 P 0
L 1.2021155 4.554434 1.2395155 4.554434 0 P 0
L 1.214276 1.477346 1.214276 1.520654 0 P 0
L 1.2208155 4.535734 1.2208155 4.573134 0 P 0
L 1.248316 4.845 1.287686 4.845 1 P 0
L 1.265472 5.255944 1.265472 5.374056 0 P 0
L 1.265472 5.255944 1.324528 5.255944 0 P 0
L 1.265472 5.374056 1.324528 5.374056 0 P 0
L 1.268 4.825314 1.268 4.864686 1 P 0
L 1.2763 5.315 1.3137 5.315 0 P 0
L 1.2798715 4.524906 1.2798715 4.583962 0 P 0
L 1.290314 1.375598 1.290314 1.450402 0 P 0
L 1.290314 1.375598 1.329684 1.375598 0 P 0
L 1.290314 1.450402 1.329684 1.450402 0 P 0
L 1.295 5.2963 1.295 5.3337 0 P 0
L 1.299174 1.413 1.320826 1.413 0 P 0
L 1.31 1.402174 1.31 1.423826 0 P 0
L 1.324528 5.255944 1.324528 5.374056 0 P 0
L 1.329684 1.375598 1.329684 1.450402 0 P 0
L 1.343314 1.375598 1.343314 1.450402 0 P 0
L 1.343314 1.375598 1.382684 1.375598 0 P 0
L 1.343314 1.450402 1.382684 1.450402 0 P 0
L 1.3488081 5.1319756 1.3488081 5.2500876 0 P 0
L 1.3488081 5.1319756 1.4078641 5.1319756 0 P 0
L 1.3488081 5.2500876 1.4078641 5.2500876 0 P 0
L 1.351472 5.25544 1.351472 5.373552 0 P 0
L 1.351472 5.25544 1.410528 5.25544 0 P 0
L 1.351472 5.373552 1.410528 5.373552 0 P 0
L 1.352174 1.413 1.373826 1.413 0 P 0
L 1.3596361 5.1910316 1.3970361 5.1910316 0 P 0
L 1.3623 5.314496 1.3997 5.314496 0 P 0
L 1.363 1.402174 1.363 1.423826 0 P 0
L 1.3783361 5.1723316 1.3783361 5.2097316 0 P 0
L 1.381 5.295796 1.381 5.333196 0 P 0
L 1.382684 1.375598 1.382684 1.450402 0 P 0
L 1.396314 1.375598 1.396314 1.450402 0 P 0
L 1.396314 1.375598 1.435684 1.375598 0 P 0
L 1.396314 1.450402 1.435684 1.450402 0 P 0
L 1.405174 1.413 1.426826 1.413 0 P 0
L 1.407764 4.691456 1.407764 4.998544 0 P 0
L 1.4078641 5.1319756 1.4078641 5.2500876 0 P 0
L 1.410528 5.25544 1.410528 5.373552 0 P 0
L 1.416 1.402174 1.416 1.423826 0 P 0
L 1.420826 1.045614 1.420826 1.3527 0 P 0
L 1.435316 1.049944 1.435316 1.116874 0 P 0
L 1.435316 1.049944 1.474686 1.049944 0 P 0
L 1.435316 1.116874 1.474686 1.116874 0 P 0
L 1.435472 5.254448 1.435472 5.37256 0 P 0
L 1.435472 5.254448 1.494528 5.254448 0 P 0
L 1.435472 5.37256 1.494528 5.37256 0 P 0
L 1.435684 1.375598 1.435684 1.450402 0 P 0
L 1.4463 5.313504 1.4837 5.313504 0 P 0
L 1.448504 1.08341 1.461496 1.08341 0 P 0
L 1.455 1.076914 1.455 1.089906 0 P 0
L 1.465 5.294804 1.465 5.332204 0 P 0
L 1.474686 1.049944 1.474686 1.116874 0 P 0
L 1.494528 5.254448 1.494528 5.37256 0 P 0
L 1.516472 5.255448 1.516472 5.37356 0 P 0
L 1.516472 5.255448 1.575528 5.255448 0 P 0
L 1.516472 5.37356 1.575528 5.37356 0 P 0
L 1.52344 4.458362 1.52344 4.517418 0 P 0
L 1.52344 4.458362 1.641552 4.458362 0 P 0
L 1.52344 4.517418 1.641552 4.517418 0 P 0
L 1.5273 5.314504 1.5647 5.314504 0 P 0
L 1.546 5.295804 1.546 5.333204 0 P 0
L 1.563796 4.48789 1.601196 4.48789 0 P 0
L 1.575528 5.255448 1.575528 5.37356 0 P 0
L 1.582496 4.46919 1.582496 4.50659 0 P 0
L 1.641552 4.458362 1.641552 4.517418 0 P 0
L 1.6775899 4.99699 1.6775899 5.115102 0 P 0
L 1.6775899 4.99699 1.7366459 4.99699 0 P 0
L 1.6775899 5.115102 1.7366459 5.115102 0 P 0
L 1.6884179 5.056046 1.7258179 5.056046 0 P 0
L 1.7071179 5.037346 1.7071179 5.074746 0 P 0
L 1.7366459 4.99699 1.7366459 5.115102 0 P 0
L 10.007236 2.51256 10.007236 3.126732 0 P 0
L 10.086418 1.284952 10.086418 1.529048 0 P 0
L 2.149952 0.057582 2.149952 0.380418 0 P 0
L 2.149952 0.057582 2.394048 0.057582 0 P 0
L 2.149952 0.380418 2.394048 0.380418 0 P 0
L 2.252314 0.219 2.291686 0.219 1 P 0
L 2.272 0.199314 2.272 0.238686 1 P 0
L 2.295268 4.077456 2.295268 4.740842 0 P 0
L 2.295268 4.077456 2.578732 4.077456 0 P 0
L 2.295268 4.740842 2.578732 4.740842 0 P 0
L 2.312102 3.904166 2.312102 4.049834 0 P 0
L 2.312102 3.904166 2.449898 3.904166 0 P 0
L 2.312102 4.049834 2.449898 4.049834 0 P 0
L 2.394048 0.057582 2.394048 0.380418 0 P 0
L 2.449898 3.904166 2.449898 4.049834 0 P 0
L 2.578732 4.077456 2.578732 4.740842 0 P 0
L 3.256442 0.359914 3.256442 0.474086 0 P 0
L 3.256442 0.359914 3.31156 0.359914 0 P 0
L 3.256442 0.474086 3.31156 0.474086 0 P 0
L 3.266284 0.417 3.301716 0.417 1 P 0
L 3.284 0.399284 3.284 0.434716 1 P 0
L 3.31156 0.359914 3.31156 0.474086 0 P 0
L 3.356442 0.359914 3.356442 0.474086 0 P 0
L 3.356442 0.359914 3.41156 0.359914 0 P 0
L 3.356442 0.474086 3.41156 0.474086 0 P 0
L 3.366284 0.417 3.401716 0.417 1 P 0
L 3.384 0.399284 3.384 0.434716 1 P 0
L 3.41156 0.359914 3.41156 0.474086 0 P 0
L 4.491442 0.338456 4.491442 0.45263 0 P 0
L 4.491442 0.338456 4.54656 0.338456 0 P 0
L 4.491442 0.338914 4.491442 0.453086 0 P 0
L 4.491442 0.338914 4.54656 0.338914 0 P 0
L 4.491442 0.45263 4.54656 0.45263 0 P 0
L 4.491442 0.453086 4.54656 0.453086 0 P 0
L 4.501284 0.395544 4.536716 0.395544 1 P 0
L 4.501284 0.396 4.536716 0.396 1 P 0
L 4.519 0.377826 4.519 0.41326 1 P 0
L 4.519 0.378284 4.519 0.413716 1 P 0
L 4.54656 0.338456 4.54656 0.45263 0 P 0
L 4.54656 0.338914 4.54656 0.453086 0 P 0
L 4.566442 0.339914 4.566442 0.454086 0 P 0
L 4.566442 0.339914 4.566442 0.454086 0 P 0
L 4.566442 0.339914 4.62156 0.339914 0 P 0
L 4.566442 0.339914 4.62156 0.339914 0 P 0
L 4.566442 0.454086 4.62156 0.454086 0 P 0
L 4.566442 0.454086 4.62156 0.454086 0 P 0
L 4.576284 0.397 4.611716 0.397 1 P 0
L 4.576284 0.397 4.611716 0.397 1 P 0
L 4.594 0.379284 4.594 0.414716 1 P 0
L 4.594 0.379284 4.594 0.414716 1 P 0
L 4.62156 0.339914 4.62156 0.454086 0 P 0
L 4.62156 0.339914 4.62156 0.454086 0 P 0
L 4.642442 0.339914 4.642442 0.454086 0 P 0
L 4.642442 0.339914 4.642442 0.454086 0 P 0
L 4.642442 0.339914 4.69756 0.339914 0 P 0
L 4.642442 0.339914 4.69756 0.339914 0 P 0
L 4.642442 0.454086 4.69756 0.454086 0 P 0
L 4.642442 0.454086 4.69756 0.454086 0 P 0
L 4.652284 0.397 4.687716 0.397 1 P 0
L 4.652284 0.397 4.687716 0.397 1 P 0
L 4.67 0.379284 4.67 0.414716 1 P 0
L 4.67 0.379284 4.67 0.414716 1 P 0
L 4.69756 0.339914 4.69756 0.454086 0 P 0
L 4.69756 0.339914 4.69756 0.454086 0 P 0
L 4.718442 0.339914 4.718442 0.454086 0 P 0
L 4.718442 0.339914 4.718442 0.454086 0 P 0
L 4.718442 0.339914 4.77356 0.339914 0 P 0
L 4.718442 0.339914 4.77356 0.339914 0 P 0
L 4.718442 0.454086 4.77356 0.454086 0 P 0
L 4.718442 0.454086 4.77356 0.454086 0 P 0
L 4.728284 0.397 4.763716 0.397 1 P 0
L 4.728284 0.397 4.763716 0.397 1 P 0
L 4.746 0.379284 4.746 0.414716 1 P 0
L 4.746 0.379284 4.746 0.414716 1 P 0
L 4.77356 0.339914 4.77356 0.454086 0 P 0
L 4.77356 0.339914 4.77356 0.454086 0 P 0
L 4.792442 0.339914 4.792442 0.454086 0 P 0
L 4.792442 0.339914 4.792442 0.454086 0 P 0
L 4.792442 0.339914 4.84756 0.339914 0 P 0
L 4.792442 0.339914 4.84756 0.339914 0 P 0
L 4.792442 0.454086 4.84756 0.454086 0 P 0
L 4.792442 0.454086 4.84756 0.454086 0 P 0
L 4.802284 0.397 4.837716 0.397 1 P 0
L 4.802284 0.397 4.837716 0.397 1 P 0
L 4.82 0.379284 4.82 0.414716 1 P 0
L 4.82 0.379284 4.82 0.414716 1 P 0
L 4.84756 0.339914 4.84756 0.454086 0 P 0
L 4.84756 0.339914 4.84756 0.454086 0 P 0
L 5.296598 4.901316 5.296598 4.940686 0 P 0
L 5.296598 4.901316 5.371402 4.901316 0 P 0
L 5.296598 4.940686 5.371402 4.940686 0 P 0
L 5.296598 4.955316 5.296598 4.994686 0 P 0
L 5.296598 4.955316 5.371402 4.955316 0 P 0
L 5.296598 4.994686 5.371402 4.994686 0 P 0
L 5.323174 4.921 5.344826 4.921 0 P 0
L 5.323174 4.975 5.344826 4.975 0 P 0
L 5.334 4.910174 5.334 4.931826 0 P 0
L 5.334 4.964174 5.334 4.985826 0 P 0
L 5.371402 4.901316 5.371402 4.940686 0 P 0
L 5.371402 4.955316 5.371402 4.994686 0 P 0
L 5.381386 1.99082 5.381386 2.093182 0 P 0
L 5.381386 1.99082 5.554614 1.99082 0 P 0
L 5.381386 2.093182 5.554614 2.093182 0 P 0
L 5.381386 2.139962 5.381386 2.242324 0 P 0
L 5.381386 2.139962 5.554614 2.139962 0 P 0
L 5.381386 2.242324 5.554614 2.242324 0 P 0
L 5.381386 2.289106 5.381386 2.391468 0 P 0
L 5.381386 2.289106 5.554614 2.289106 0 P 0
L 5.381386 2.391468 5.554614 2.391468 0 P 0
L 5.381386 2.438248 5.381386 2.54061 0 P 0
L 5.381386 2.438248 5.554614 2.438248 0 P 0
L 5.381386 2.54061 5.554614 2.54061 0 P 0
L 5.381386 2.587392 5.381386 2.689754 0 P 0
L 5.381386 2.587392 5.554614 2.587392 0 P 0
L 5.381386 2.689754 5.554614 2.689754 0 P 0
L 5.381386 2.736534 5.381386 2.838896 0 P 0
L 5.381386 2.736534 5.554614 2.736534 0 P 0
L 5.381386 2.838896 5.554614 2.838896 0 P 0
L 5.381386 2.885678 5.381386 2.98804 0 P 0
L 5.381386 2.885678 5.554614 2.885678 0 P 0
L 5.381386 2.98804 5.554614 2.98804 0 P 0
L 5.381386 3.03482 5.381386 3.137182 0 P 0
L 5.381386 3.03482 5.554614 3.03482 0 P 0
L 5.381386 3.137182 5.554614 3.137182 0 P 0
L 5.448316 2.042 5.487686 2.042 1 P 0
L 5.448316 2.191142 5.487686 2.191142 1 P 0
L 5.448316 2.340286 5.487686 2.340286 1 P 0
L 5.448316 2.489428 5.487686 2.489428 1 P 0
L 5.448316 2.638572 5.487686 2.638572 1 P 0
L 5.448316 2.787714 5.487686 2.787714 1 P 0
L 5.448316 2.936858 5.487686 2.936858 1 P 0
L 5.448316 3.086 5.487686 3.086 1 P 0
L 5.468 2.022316 5.468 2.061686 1 P 0
L 5.468 2.171458 5.468 2.210828 1 P 0
L 5.468 2.320602 5.468 2.359972 1 P 0
L 5.468 2.469744 5.468 2.509114 1 P 0
L 5.468 2.618888 5.468 2.658258 1 P 0
L 5.468 2.76803 5.468 2.8074 1 P 0
L 5.468 2.917174 5.468 2.956544 1 P 0
L 5.468 3.066316 5.468 3.105686 1 P 0
L 5.554614 1.99082 5.554614 2.093182 0 P 0
L 5.554614 2.139962 5.554614 2.242324 0 P 0
L 5.554614 2.289106 5.554614 2.391468 0 P 0
L 5.554614 2.438248 5.554614 2.54061 0 P 0
L 5.554614 2.587392 5.554614 2.689754 0 P 0
L 5.554614 2.736534 5.554614 2.838896 0 P 0
L 5.554614 2.885678 5.554614 2.98804 0 P 0
L 5.554614 3.03482 5.554614 3.137182 0 P 0
L 5.60144 5.13937 5.60144 5.253544 0 P 0
L 5.60144 5.13937 5.65656 5.13937 0 P 0
L 5.60144 5.253544 5.65656 5.253544 0 P 0
L 5.609992 3.745788 5.609992 4.094212 0 P 0
L 5.609992 3.745788 5.984008 3.745788 0 P 0
L 5.609992 4.094212 5.984008 4.094212 0 P 0
L 5.611284 5.196456 5.646716 5.196456 1 P 0
L 5.629 5.17874 5.629 5.214174 1 P 0
L 5.65656 5.13937 5.65656 5.253544 0 P 0
L 5.672448 5.140692 5.672448 5.254866 0 P 0
L 5.672448 5.140692 5.727566 5.140692 0 P 0
L 5.672448 5.254866 5.727566 5.254866 0 P 0
L 5.682292 5.19778 5.717724 5.19778 1 P 0
L 5.700008 5.180064 5.700008 5.215496 1 P 0
L 5.727566 5.140692 5.727566 5.254866 0 P 0
L 5.7429 3.283536 5.7429 3.350464 0 P 0
L 5.7429 3.283536 5.78227 3.283536 0 P 0
L 5.7429 3.350464 5.78227 3.350464 0 P 0
L 5.7429 3.365544 5.7429 3.432472 0 P 0
L 5.7429 3.365544 5.78227 3.365544 0 P 0
L 5.7429 3.432472 5.78227 3.432472 0 P 0
L 5.756088 3.317 5.76908 3.317 0 P 0
L 5.756088 3.399008 5.76908 3.399008 0 P 0
L 5.762584 3.310504 5.762584 3.323496 0 P 0
L 5.762584 3.392512 5.762584 3.405504 0 P 0
L 5.763252 5.197692 5.763252 5.256748 0 P 0
L 5.763252 5.197692 5.794748 5.197692 0 P 0
L 5.763252 5.256748 5.794748 5.256748 0 P 0
L 5.772504 5.22722 5.785496 5.22722 1 P 0
L 5.777316 3.92 5.816686 3.92 1 P 0
L 5.779 5.220724 5.779 5.233716 1 P 0
L 5.7819 3.283544 5.7819 3.350472 0 P 0
L 5.7819 3.283544 5.82127 3.283544 0 P 0
L 5.7819 3.350472 5.82127 3.350472 0 P 0
L 5.7819 3.365544 5.7819 3.432472 0 P 0
L 5.7819 3.365544 5.82127 3.365544 0 P 0
L 5.7819 3.432472 5.82127 3.432472 0 P 0
L 5.78207 4.14163 5.78207 4.22037 0 P 0
L 5.78207 4.14163 5.91593 4.14163 0 P 0
L 5.78207 4.22037 5.91593 4.22037 0 P 0
L 5.78207 4.22463 5.78207 4.30337 0 P 0
L 5.78207 4.22463 5.91593 4.22463 0 P 0
L 5.78207 4.30337 5.91593 4.30337 0 P 0
L 5.78207 4.30763 5.78207 4.38637 0 P 0
L 5.78207 4.30763 5.91593 4.30763 0 P 0
L 5.78207 4.38637 5.91593 4.38637 0 P 0
L 5.78207 4.39063 5.78207 4.46937 0 P 0
L 5.78207 4.39063 5.91593 4.39063 0 P 0
L 5.78207 4.46937 5.91593 4.46937 0 P 0
L 5.78227 3.283536 5.78227 3.350464 0 P 0
L 5.78227 3.365544 5.78227 3.432472 0 P 0
L 5.794748 5.197692 5.794748 5.256748 0 P 0
L 5.795088 3.317008 5.80808 3.317008 0 P 0
L 5.795088 3.399008 5.80808 3.399008 0 P 0
L 5.797 3.900314 5.797 3.939686 1 P 0
L 5.801584 3.310512 5.801584 3.323504 0 P 0
L 5.801584 3.392512 5.801584 3.405504 0 P 0
L 5.82127 3.283544 5.82127 3.350472 0 P 0
L 5.82127 3.365544 5.82127 3.432472 0 P 0
L 5.8219 3.283536 5.8219 3.350464 0 P 0
L 5.8219 3.283536 5.86127 3.283536 0 P 0
L 5.8219 3.350464 5.86127 3.350464 0 P 0
L 5.8219 3.365544 5.8219 3.432472 0 P 0
L 5.8219 3.365544 5.86127 3.365544 0 P 0
L 5.8219 3.432472 5.86127 3.432472 0 P 0
L 5.826442 5.141914 5.826442 5.256086 0 P 0
L 5.826442 5.141914 5.88156 5.141914 0 P 0
L 5.826442 5.256086 5.88156 5.256086 0 P 0
L 5.829316 4.181 5.868686 4.181 1 P 0
L 5.829316 4.264 5.868686 4.264 1 P 0
L 5.829316 4.347 5.868686 4.347 1 P 0
L 5.829316 4.43 5.868686 4.43 1 P 0
L 5.835088 3.317 5.84808 3.317 0 P 0
L 5.835088 3.399008 5.84808 3.399008 0 P 0
L 5.836284 5.199 5.871716 5.199 1 P 0
L 5.841584 3.310504 5.841584 3.323496 0 P 0
L 5.841584 3.392512 5.841584 3.405504 0 P 0
L 5.849 4.161316 5.849 4.200686 1 P 0
L 5.849 4.244316 5.849 4.283686 1 P 0
L 5.849 4.327316 5.849 4.366686 1 P 0
L 5.849 4.410316 5.849 4.449686 1 P 0
L 5.854 5.181284 5.854 5.216716 1 P 0
L 5.86127 3.283536 5.86127 3.350464 0 P 0
L 5.86127 3.365544 5.86127 3.432472 0 P 0
L 5.8619 3.283536 5.8619 3.350464 0 P 0
L 5.8619 3.283536 5.90127 3.283536 0 P 0
L 5.8619 3.350464 5.90127 3.350464 0 P 0
L 5.862314 3.365544 5.862314 3.432472 0 P 0
L 5.862314 3.365544 5.901686 3.365544 0 P 0
L 5.862314 3.432472 5.901686 3.432472 0 P 0
L 5.869818 1.679386 5.869818 1.852614 0 P 0
L 5.869818 1.679386 5.97218 1.679386 0 P 0
L 5.869818 1.852614 5.97218 1.852614 0 P 0
L 5.875088 3.317 5.88808 3.317 0 P 0
L 5.875504 3.399008 5.888496 3.399008 0 P 0
L 5.88156 5.141914 5.88156 5.256086 0 P 0
L 5.881584 3.310504 5.881584 3.323496 0 P 0
L 5.882 3.392512 5.882 3.405504 0 P 0
L 5.90127 3.283536 5.90127 3.350464 0 P 0
L 5.901314 1.766 5.940684 1.766 1 P 0
L 5.901686 3.365544 5.901686 3.432472 0 P 0
L 5.9019 3.283536 5.9019 3.350464 0 P 0
L 5.9019 3.283536 5.94127 3.283536 0 P 0
L 5.9019 3.350464 5.94127 3.350464 0 P 0
L 5.9019 3.365544 5.9019 3.432472 0 P 0
L 5.9019 3.365544 5.94127 3.365544 0 P 0
L 5.9019 3.432472 5.94127 3.432472 0 P 0
L 5.915088 3.317 5.92808 3.317 0 P 0
L 5.915088 3.399008 5.92808 3.399008 0 P 0
L 5.91593 4.14163 5.91593 4.22037 0 P 0
L 5.91593 4.22463 5.91593 4.30337 0 P 0
L 5.91593 4.30763 5.91593 4.38637 0 P 0
L 5.91593 4.39063 5.91593 4.46937 0 P 0
L 5.921 1.746316 5.921 1.785686 1 P 0
L 5.921584 3.310504 5.921584 3.323496 0 P 0
L 5.921584 3.392512 5.921584 3.405504 0 P 0
L 5.939134 2.309536 5.939134 2.376464 0 P 0
L 5.939134 2.309536 5.978506 2.309536 0 P 0
L 5.939134 2.376464 5.978506 2.376464 0 P 0
L 5.939136 2.384544 5.939136 2.451472 0 P 0
L 5.939136 2.384544 5.978506 2.384544 0 P 0
L 5.939136 2.451472 5.978506 2.451472 0 P 0
L 5.939136 2.673536 5.939136 2.740464 0 P 0
L 5.939136 2.673536 5.978506 2.673536 0 P 0
L 5.939136 2.740464 5.978506 2.740464 0 P 0
L 5.939948 2.501536 5.939948 2.568464 0 P 0
L 5.939948 2.501536 5.979318 2.501536 0 P 0
L 5.939948 2.568464 5.979318 2.568464 0 P 0
L 5.94127 3.283536 5.94127 3.350464 0 P 0
L 5.94127 3.365544 5.94127 3.432472 0 P 0
L 5.9419 3.283536 5.9419 3.350464 0 P 0
L 5.9419 3.283536 5.98127 3.283536 0 P 0
L 5.9419 3.350464 5.98127 3.350464 0 P 0
L 5.9419 3.365544 5.9419 3.432472 0 P 0
L 5.9419 3.365544 5.98127 3.365544 0 P 0
L 5.9419 3.432472 5.98127 3.432472 0 P 0
L 5.952324 2.343 5.965316 2.343 0 P 0
L 5.952324 2.418008 5.965316 2.418008 0 P 0
L 5.952324 2.707 5.965316 2.707 0 P 0
L 5.953136 2.535 5.966128 2.535 0 P 0
L 5.955088 3.317 5.96808 3.317 0 P 0
L 5.955088 3.399008 5.96808 3.399008 0 P 0
L 5.95882 2.336504 5.95882 2.349496 0 P 0
L 5.95882 2.411512 5.95882 2.424504 0 P 0
L 5.95882 2.700504 5.95882 2.713496 0 P 0
L 5.959632 2.528504 5.959632 2.541496 0 P 0
L 5.961584 3.310504 5.961584 3.323496 0 P 0
L 5.961584 3.392512 5.961584 3.405504 0 P 0
L 5.97218 1.679386 5.97218 1.852614 0 P 0
L 5.975528 1.679386 5.975528 1.852614 0 P 0
L 5.975528 1.679386 6.07789 1.679386 0 P 0
L 5.975528 1.852614 6.07789 1.852614 0 P 0
L 5.978506 2.309536 5.978506 2.376464 0 P 0
L 5.978506 2.384544 5.978506 2.451472 0 P 0
L 5.978506 2.673536 5.978506 2.740464 0 P 0
L 5.979318 2.501536 5.979318 2.568464 0 P 0
L 5.98127 3.283536 5.98127 3.350464 0 P 0
L 5.98127 3.365544 5.98127 3.432472 0 P 0
L 5.981314 3.283536 5.981314 3.350464 0 P 0
L 5.981314 3.283536 6.020686 3.283536 0 P 0
L 5.981314 3.350464 6.020686 3.350464 0 P 0
L 5.981316 3.365536 5.981316 3.432464 0 P 0
L 5.981316 3.365536 6.020686 3.365536 0 P 0
L 5.981316 3.432464 6.020686 3.432464 0 P 0
L 5.984008 3.745788 5.984008 4.094212 0 P 0
L 5.987914 1.071442 5.987914 1.12656 0 P 0
L 5.987914 1.071442 6.102086 1.071442 0 P 0
L 5.987914 1.12656 6.102086 1.12656 0 P 0
L 5.994504 3.317 6.007496 3.317 0 P 0
L 5.994504 3.399 6.007496 3.399 0 P 0
L 6.001 3.310504 6.001 3.323496 0 P 0
L 6.001 3.392504 6.001 3.405496 0 P 0
L 6.006238 2.213316 6.006238 2.252686 0 P 0
L 6.006238 2.213316 6.073166 2.213316 0 P 0
L 6.006238 2.252686 6.073166 2.252686 0 P 0
L 6.007024 1.766 6.046394 1.766 1 P 0
L 6.020016 3.365536 6.020016 3.432464 0 P 0
L 6.020016 3.365536 6.059386 3.365536 0 P 0
L 6.020016 3.432464 6.059386 3.432464 0 P 0
L 6.020686 3.283536 6.020686 3.350464 0 P 0
L 6.020686 3.365536 6.020686 3.432464 0 P 0
L 6.021314 3.283536 6.021314 3.350464 0 P 0
L 6.021314 3.283536 6.060686 3.283536 0 P 0
L 6.021314 3.350464 6.060686 3.350464 0 P 0
L 6.02671 1.746316 6.02671 1.785686 1 P 0
L 6.027284 1.099 6.062716 1.099 1 P 0
L 6.033206 2.233 6.046198 2.233 0 P 0
L 6.033206 3.399 6.046198 3.399 0 P 0
L 6.034504 3.317 6.047496 3.317 0 P 0
L 6.039702 2.226504 6.039702 2.239496 0 P 0
L 6.039702 3.392504 6.039702 3.405496 0 P 0
L 6.041 3.310504 6.041 3.323496 0 P 0
L 6.045 1.081284 6.045 1.116716 1 P 0
L 6.059386 3.365536 6.059386 3.432464 0 P 0
L 6.060686 3.283536 6.060686 3.350464 0 P 0
L 6.073166 2.213316 6.073166 2.252686 0 P 0
L 6.07789 1.679386 6.07789 1.852614 0 P 0
L 6.079484 1.679386 6.079484 1.852614 0 P 0
L 6.079484 1.679386 6.181846 1.679386 0 P 0
L 6.079484 1.852614 6.181846 1.852614 0 P 0
L 6.085166 2.213316 6.085166 2.252686 0 P 0
L 6.085166 2.213316 6.152094 2.213316 0 P 0
L 6.085166 2.252686 6.152094 2.252686 0 P 0
L 6.085166 2.847316 6.085166 2.886686 0 P 0
L 6.085166 2.847316 6.152094 2.847316 0 P 0
L 6.085166 2.886686 6.152094 2.886686 0 P 0
L 6.102086 1.071442 6.102086 1.12656 0 P 0
L 6.106914 1.07144 6.106914 1.12656 0 P 0
L 6.106914 1.07144 6.221086 1.07144 0 P 0
L 6.106914 1.12656 6.221086 1.12656 0 P 0
L 6.11098 1.766 6.15035 1.766 1 P 0
L 6.112134 2.233 6.125126 2.233 0 P 0
L 6.112134 2.867 6.125126 2.867 0 P 0
L 6.11863 2.226504 6.11863 2.239496 0 P 0
L 6.11863 2.860504 6.11863 2.873496 0 P 0
L 6.121788 3.836938 6.121788 4.329062 0 P 0
L 6.121788 3.836938 6.720212 3.836938 0 P 0
L 6.121788 4.329062 6.720212 4.329062 0 P 0
L 6.122788 3.836938 6.122788 4.329064 0 P 0
L 6.122788 3.836938 6.721212 3.836938 0 P 0
L 6.122788 4.329064 6.721212 4.329064 0 P 0
L 6.130666 1.746316 6.130666 1.785686 1 P 0
L 6.146284 1.099 6.181716 1.099 1 P 0
L 6.152094 2.213316 6.152094 2.252686 0 P 0
L 6.152094 2.847316 6.152094 2.886686 0 P 0
L 6.153752 4.789686 6.153752 4.923544 0 P 0
L 6.153752 4.789686 6.232494 4.789686 0 P 0
L 6.153752 4.923544 6.232494 4.923544 0 P 0
L 6.15982 3.281386 6.15982 3.454614 0 P 0
L 6.15982 3.281386 6.262182 3.281386 0 P 0
L 6.15982 3.454614 6.262182 3.454614 0 P 0
L 6.161772 2.847316 6.161772 2.886686 0 P 0
L 6.161772 2.847316 6.228702 2.847316 0 P 0
L 6.161772 2.886686 6.228702 2.886686 0 P 0
L 6.164 1.081284 6.164 1.116716 1 P 0
L 6.168314 4.759 6.168314 4.833804 0 P 0
L 6.168314 4.759 6.207686 4.759 0 P 0
L 6.168314 4.833804 6.207686 4.833804 0 P 0
L 6.168316 4.887598 6.168316 4.962402 0 P 0
L 6.168316 4.887598 6.207686 4.887598 0 P 0
L 6.168316 4.962402 6.207686 4.962402 0 P 0
L 6.173438 4.856616 6.212808 4.856616 1 P 0
L 6.17619 4.796402 6.199812 4.796402 1 P 0
L 6.17619 4.925 6.199812 4.925 1 P 0
L 6.181846 1.679386 6.181846 1.852614 0 P 0
L 6.184296 1.679386 6.184296 1.852614 0 P 0
L 6.184296 1.679386 6.286658 1.679386 0 P 0
L 6.184296 1.852614 6.286658 1.852614 0 P 0
L 6.188 4.78459 6.188 4.808212 1 P 0
L 6.188 4.91319 6.188 4.936812 1 P 0
L 6.188742 2.867 6.201734 2.867 0 P 0
L 6.191316 3.368 6.230686 3.368 1 P 0
L 6.193124 4.83693 6.193124 4.8763 1 P 0
L 6.195238 2.860504 6.195238 2.873496 0 P 0
L 6.20304 2.213314 6.20304 2.252686 0 P 0
L 6.20304 2.213314 6.269968 2.213314 0 P 0
L 6.20304 2.252686 6.269968 2.252686 0 P 0
L 6.207686 4.759 6.207686 4.833804 0 P 0
L 6.207686 4.887598 6.207686 4.962402 0 P 0
L 6.211002 3.348314 6.211002 3.387684 1 P 0
L 6.215792 1.766 6.255162 1.766 1 P 0
L 6.221086 1.07144 6.221086 1.12656 0 P 0
L 6.228702 2.847316 6.228702 2.886686 0 P 0
L 6.230008 2.233 6.243 2.233 0 P 0
L 6.232494 4.789686 6.232494 4.923544 0 P 0
L 6.235478 1.746316 6.235478 1.785686 1 P 0
L 6.236504 2.226504 6.236504 2.239496 0 P 0
L 6.245544 2.847316 6.245544 2.886686 0 P 0
L 6.245544 2.847316 6.312472 2.847316 0 P 0
L 6.245544 2.886686 6.312472 2.886686 0 P 0
L 6.24822 4.82344 6.24822 4.87856 0 P 0
L 6.24822 4.82344 6.27578 4.82344 0 P 0
L 6.24822 4.87856 6.27578 4.87856 0 P 0
L 6.256094 4.851 6.267906 4.851 1 P 0
L 6.262 4.845094 6.262 4.856906 1 P 0
L 6.262182 3.281386 6.262182 3.454614 0 P 0
L 6.26782 3.282386 6.26782 3.455614 0 P 0
L 6.26782 3.282386 6.370182 3.282386 0 P 0
L 6.26782 3.455614 6.370182 3.455614 0 P 0
L 6.269968 2.213314 6.269968 2.252686 0 P 0
L 6.272512 2.867 6.285504 2.867 0 P 0
L 6.27578 4.82344 6.27578 4.87856 0 P 0
L 6.279008 2.860504 6.279008 2.873496 0 P 0
L 6.282536 2.213316 6.282536 2.252686 0 P 0
L 6.282536 2.213316 6.349464 2.213316 0 P 0
L 6.282536 2.252686 6.349464 2.252686 0 P 0
L 6.286658 1.679386 6.286658 1.852614 0 P 0
L 6.299316 3.369 6.338686 3.369 1 P 0
L 6.309504 2.233 6.322496 2.233 0 P 0
L 6.312472 2.847316 6.312472 2.886686 0 P 0
L 6.316 2.226504 6.316 2.239496 0 P 0
L 6.319002 3.349314 6.319002 3.388684 1 P 0
L 6.323536 2.847314 6.323536 2.886686 0 P 0
L 6.323536 2.847314 6.390464 2.847314 0 P 0
L 6.323536 2.886686 6.390464 2.886686 0 P 0
L 6.323914 5.200316 6.323914 5.239686 0 P 0
L 6.323914 5.200316 6.398716 5.200316 0 P 0
L 6.323914 5.239686 6.398716 5.239686 0 P 0
L 6.32863 4.84707 6.32863 4.98093 0 P 0
L 6.32863 4.84707 6.40737 4.84707 0 P 0
L 6.32863 4.98093 6.40737 4.98093 0 P 0
L 6.348316 4.914 6.387686 4.914 1 P 0
L 6.349464 2.213316 6.349464 2.252686 0 P 0
L 6.350488 5.22 6.372142 5.22 0 P 0
L 6.350504 2.867 6.363496 2.867 0 P 0
L 6.357 2.860504 6.357 2.873496 0 P 0
L 6.361314 5.209174 6.361314 5.230826 0 P 0
L 6.368 4.894314 6.368 4.933686 1 P 0
L 6.370182 3.282386 6.370182 3.455614 0 P 0
L 6.37382 3.283386 6.37382 3.456614 0 P 0
L 6.37382 3.283386 6.476182 3.283386 0 P 0
L 6.37382 3.456614 6.476182 3.456614 0 P 0
L 6.382722 1.679386 6.382722 1.852614 0 P 0
L 6.382722 1.679386 6.485084 1.679386 0 P 0
L 6.382722 1.852614 6.485084 1.852614 0 P 0
L 6.390464 2.847314 6.390464 2.886686 0 P 0
L 6.398716 5.200316 6.398716 5.239686 0 P 0
L 6.400702 2.847314 6.400702 2.886686 0 P 0
L 6.400702 2.847314 6.46763 2.847314 0 P 0
L 6.400702 2.886686 6.46763 2.886686 0 P 0
L 6.401316 4.083 6.440686 4.083 1 P 0
L 6.40147 2.213314 6.40147 2.252684 0 P 0
L 6.40147 2.213314 6.468398 2.213314 0 P 0
L 6.40147 2.252684 6.468398 2.252684 0 P 0
L 6.402316 4.083 6.441686 4.083 1 P 0
L 6.405316 3.37 6.444686 3.37 1 P 0
L 6.40737 4.84707 6.40737 4.98093 0 P 0
L 6.414218 1.766 6.453588 1.766 1 P 0
L 6.414788 4.513938 6.414788 5.006062 0 P 0
L 6.414788 4.513938 7.013212 4.513938 0 P 0
L 6.414788 5.006062 7.013212 5.006062 0 P 0
L 6.421 4.063314 6.421 4.102686 1 P 0
L 6.422 4.063316 6.422 4.102686 1 P 0
L 6.425002 3.350314 6.425002 3.389684 1 P 0
L 6.42767 2.867 6.440662 2.867 0 P 0
L 6.428438 2.233 6.44143 2.233 0 P 0
L 6.433904 1.746316 6.433904 1.785686 1 P 0
L 6.434166 2.860504 6.434166 2.873496 0 P 0
L 6.434934 2.226504 6.434934 2.239496 0 P 0
L 6.46763 2.847314 6.46763 2.886686 0 P 0
L 6.468398 2.213314 6.468398 2.252684 0 P 0
L 6.476182 3.283386 6.476182 3.456614 0 P 0
L 6.478292 4.866922 6.478292 5.107078 0 P 0
L 6.478292 4.866922 6.639708 4.866922 0 P 0
L 6.478292 5.107078 6.639708 5.107078 0 P 0
L 6.47982 3.282386 6.47982 3.455614 0 P 0
L 6.47982 3.282386 6.582182 3.282386 0 P 0
L 6.47982 3.455614 6.582182 3.455614 0 P 0
L 6.479832 2.213314 6.479832 2.252686 0 P 0
L 6.479832 2.213314 6.546762 2.213314 0 P 0
L 6.479832 2.252686 6.546762 2.252686 0 P 0
L 6.483292 4.423922 6.483292 4.664078 0 P 0
L 6.483292 4.423922 6.644708 4.423922 0 P 0
L 6.483292 4.664078 6.644708 4.664078 0 P 0
L 6.485084 1.679386 6.485084 1.852614 0 P 0
L 6.487818 1.679386 6.487818 1.852614 0 P 0
L 6.487818 1.679386 6.59018 1.679386 0 P 0
L 6.487818 1.852614 6.59018 1.852614 0 P 0
L 6.5068 2.233 6.519792 2.233 0 P 0
L 6.511316 3.369 6.550686 3.369 1 P 0
L 6.513296 2.226504 6.513296 2.239496 0 P 0
L 6.519314 1.766 6.558684 1.766 1 P 0
L 6.531002 3.349314 6.531002 3.388684 1 P 0
L 6.539 1.746316 6.539 1.785686 1 P 0
L 6.539314 4.987 6.578686 4.987 1 P 0
L 6.544316 4.544 6.583686 4.544 1 P 0
L 6.546762 2.213314 6.546762 2.252686 0 P 0
L 6.559 4.967316 6.559 5.006686 1 P 0
L 6.564 4.524314 6.564 4.563686 1 P 0
L 6.582182 3.282386 6.582182 3.455614 0 P 0
L 6.59018 1.679386 6.59018 1.852614 0 P 0
L 6.594536 2.511314 6.594536 2.550686 0 P 0
L 6.594536 2.511314 6.661464 2.511314 0 P 0
L 6.594536 2.550686 6.661464 2.550686 0 P 0
L 6.594536 2.552314 6.594536 2.591686 0 P 0
L 6.594536 2.552314 6.661464 2.552314 0 P 0
L 6.594536 2.591686 6.661464 2.591686 0 P 0
L 6.594536 2.649316 6.594536 2.688686 0 P 0
L 6.594536 2.649316 6.661464 2.649316 0 P 0
L 6.594536 2.688686 6.661464 2.688686 0 P 0
L 6.598156 2.293136 6.598156 2.332506 0 P 0
L 6.598156 2.293136 6.665086 2.293136 0 P 0
L 6.598156 2.332506 6.665086 2.332506 0 P 0
L 6.598156 2.336308 6.598156 2.375678 0 P 0
L 6.598156 2.336308 6.665086 2.336308 0 P 0
L 6.598156 2.375678 6.665086 2.375678 0 P 0
L 6.621504 2.531 6.634496 2.531 0 P 0
L 6.621504 2.572 6.634496 2.572 0 P 0
L 6.621504 2.669 6.634496 2.669 0 P 0
L 6.625126 2.31282 6.638118 2.31282 0 P 0
L 6.625126 2.355992 6.638118 2.355992 0 P 0
L 6.628 2.524504 6.628 2.537496 0 P 0
L 6.628 2.565504 6.628 2.578496 0 P 0
L 6.628 2.662504 6.628 2.675496 0 P 0
L 6.631622 2.306324 6.631622 2.319316 0 P 0
L 6.631622 2.349496 6.631622 2.362488 0 P 0
L 6.639708 4.866922 6.639708 5.107078 0 P 0
L 6.64337 1.56044 6.64337 1.61556 0 P 0
L 6.64337 1.56044 6.757544 1.56044 0 P 0
L 6.64337 1.61556 6.757544 1.61556 0 P 0
L 6.644708 4.423922 6.644708 4.664078 0 P 0
L 6.661464 2.511314 6.661464 2.550686 0 P 0
L 6.661464 2.552314 6.661464 2.591686 0 P 0
L 6.661464 2.649316 6.661464 2.688686 0 P 0
L 6.665086 2.293136 6.665086 2.332506 0 P 0
L 6.665086 2.336308 6.665086 2.375678 0 P 0
L 6.673292 4.867922 6.673292 5.108078 0 P 0
L 6.673292 4.867922 6.834708 4.867922 0 P 0
L 6.673292 5.108078 6.834708 5.108078 0 P 0
L 6.680292 4.423922 6.680292 4.664078 0 P 0
L 6.680292 4.423922 6.841708 4.423922 0 P 0
L 6.680292 4.664078 6.841708 4.664078 0 P 0
L 6.68274 1.588 6.718174 1.588 1 P 0
L 6.694316 4.76 6.733686 4.76 1 P 0
L 6.700456 1.570284 6.700456 1.605716 1 P 0
L 6.714 4.740314 6.714 4.779686 1 P 0
L 6.720212 3.836938 6.720212 4.329062 0 P 0
L 6.721212 3.836938 6.721212 4.329064 0 P 0
L 6.734314 4.988 6.773686 4.988 1 P 0
L 6.741316 4.544 6.780686 4.544 1 P 0
L 6.754 4.968316 6.754 5.007686 1 P 0
L 6.757544 1.56044 6.757544 1.61556 0 P 0
L 6.761 4.524314 6.761 4.563686 1 P 0
L 6.834708 4.867922 6.834708 5.108078 0 P 0
L 6.841708 4.423922 6.841708 4.664078 0 P 0
L 7.013212 4.513938 7.013212 5.006062 0 P 0
L 7.014386 2.274818 7.014386 2.37718 0 P 0
L 7.014386 2.274818 7.187614 2.274818 0 P 0
L 7.014386 2.37718 7.187614 2.37718 0 P 0
L 7.014386 2.425818 7.014386 2.52818 0 P 0
L 7.014386 2.425818 7.187614 2.425818 0 P 0
L 7.014386 2.52818 7.187614 2.52818 0 P 0
L 7.014386 2.576818 7.014386 2.67918 0 P 0
L 7.014386 2.576818 7.187614 2.576818 0 P 0
L 7.014386 2.67918 7.187614 2.67918 0 P 0
L 7.014386 2.727818 7.014386 2.83018 0 P 0
L 7.014386 2.727818 7.187614 2.727818 0 P 0
L 7.014386 2.83018 7.187614 2.83018 0 P 0
L 7.014386 2.878818 7.014386 2.98118 0 P 0
L 7.014386 2.878818 7.187614 2.878818 0 P 0
L 7.014386 2.98118 7.187614 2.98118 0 P 0
L 7.014386 3.029818 7.014386 3.13218 0 P 0
L 7.014386 3.029818 7.187614 3.029818 0 P 0
L 7.014386 3.13218 7.187614 3.13218 0 P 0
L 7.081314 2.326 7.120684 2.326 1 P 0
L 7.081314 2.477 7.120684 2.477 1 P 0
L 7.081314 2.628 7.120684 2.628 1 P 0
L 7.081314 2.779 7.120684 2.779 1 P 0
L 7.081314 2.93 7.120684 2.93 1 P 0
L 7.081314 3.081 7.120684 3.081 1 P 0
L 7.101 2.306314 7.101 2.345684 1 P 0
L 7.101 2.457314 7.101 2.496684 1 P 0
L 7.101 2.608314 7.101 2.647684 1 P 0
L 7.101 2.759314 7.101 2.798684 1 P 0
L 7.101 2.910314 7.101 2.949684 1 P 0
L 7.101 3.061314 7.101 3.100684 1 P 0
L 7.151952 0.070582 7.151952 0.393418 0 P 0
L 7.151952 0.070582 7.396048 0.070582 0 P 0
L 7.151952 0.393418 7.396048 0.393418 0 P 0
L 7.159752 1.38376 7.159752 1.678248 0 P 0
L 7.159752 1.38376 7.45424 1.38376 0 P 0
L 7.159752 1.678248 7.45424 1.678248 0 P 0
L 7.187614 2.274818 7.187614 2.37718 0 P 0
L 7.187614 2.425818 7.187614 2.52818 0 P 0
L 7.187614 2.576818 7.187614 2.67918 0 P 0
L 7.187614 2.727818 7.187614 2.83018 0 P 0
L 7.187614 2.878818 7.187614 2.98118 0 P 0
L 7.187614 3.029818 7.187614 3.13218 0 P 0
L 7.254314 0.232 7.293686 0.232 1 P 0
L 7.274 0.212314 7.274 0.251686 1 P 0
L 7.276598 4.906316 7.276598 4.945686 0 P 0
L 7.276598 4.906316 7.351402 4.906316 0 P 0
L 7.276598 4.945686 7.351402 4.945686 0 P 0
L 7.276598 4.960316 7.276598 4.999686 0 P 0
L 7.276598 4.960316 7.351402 4.960316 0 P 0
L 7.276598 4.999686 7.351402 4.999686 0 P 0
L 7.281996 1.531004 7.326996 1.531004 1 P 0
L 7.303174 4.926 7.324826 4.926 0 P 0
L 7.303174 4.98 7.324826 4.98 0 P 0
L 7.306996 1.511004 7.306996 1.556004 1 P 0
L 7.31287 3.889992 7.31287 4.264008 0 P 0
L 7.31287 3.889992 7.661296 3.889992 0 P 0
L 7.31287 4.264008 7.661296 4.264008 0 P 0
L 7.314 4.915174 7.314 4.936826 0 P 0
L 7.314 4.969174 7.314 4.990826 0 P 0
L 7.351402 4.906316 7.351402 4.945686 0 P 0
L 7.351402 4.960316 7.351402 4.999686 0 P 0
L 7.396048 0.070582 7.396048 0.393418 0 P 0
L 7.45424 1.38376 7.45424 1.678248 0 P 0
L 7.467398 4.077 7.506768 4.077 1 P 0
L 7.487082 4.057316 7.487082 4.096686 1 P 0
L 7.505952 0.078582 7.505952 0.401418 0 P 0
L 7.505952 0.078582 7.750048 0.078582 0 P 0
L 7.505952 0.401418 7.750048 0.401418 0 P 0
L 7.508442 0.504914 7.508442 0.619086 0 P 0
L 7.508442 0.504914 7.56356 0.504914 0 P 0
L 7.508442 0.619086 7.56356 0.619086 0 P 0
L 7.518284 0.562 7.553716 0.562 1 P 0
L 7.536 0.544284 7.536 0.579716 1 P 0
L 7.538992 2.869566 7.538992 3.243582 0 P 0
L 7.538992 2.869566 7.887418 2.869566 0 P 0
L 7.538992 3.243582 7.887418 3.243582 0 P 0
L 7.56344 5.131716 7.56344 5.24589 0 P 0
L 7.56344 5.131716 7.61856 5.131716 0 P 0
L 7.56344 5.24589 7.61856 5.24589 0 P 0
L 7.56356 0.504914 7.56356 0.619086 0 P 0
L 7.566228 0.857662 7.566228 0.94034 0 P 0
L 7.566228 0.857662 7.719772 0.857662 0 P 0
L 7.566228 0.94034 7.719772 0.94034 0 P 0
L 7.573284 5.188804 7.608716 5.188804 1 P 0
L 7.591 5.171086 7.591 5.20652 1 P 0
L 7.608314 0.24 7.647686 0.24 1 P 0
L 7.61856 5.131716 7.61856 5.24589 0 P 0
L 7.6243 0.899 7.6617 0.899 0 P 0
L 7.62444 5.131716 7.62444 5.24589 0 P 0
L 7.62444 5.131716 7.67956 5.131716 0 P 0
L 7.62444 5.24589 7.67956 5.24589 0 P 0
L 7.628 0.220314 7.628 0.259686 1 P 0
L 7.634284 5.188804 7.669716 5.188804 1 P 0
L 7.643 0.8803 7.643 0.917702 0 P 0
L 7.649442 0.737818 7.649442 0.840182 0 P 0
L 7.649442 0.737818 7.70456 0.737818 0 P 0
L 7.649442 0.840182 7.70456 0.840182 0 P 0
L 7.652 5.171086 7.652 5.20652 1 P 0
L 7.658536 0.634314 7.658536 0.673686 0 P 0
L 7.658536 0.634314 7.725464 0.634314 0 P 0
L 7.658536 0.673686 7.725464 0.673686 0 P 0
L 7.661056 0.789 7.692944 0.789 1 P 0
L 7.661296 3.889992 7.661296 4.264008 0 P 0
L 7.677 0.773056 7.677 0.804944 1 P 0
L 7.67956 5.131716 7.67956 5.24589 0 P 0
L 7.685504 0.654 7.698496 0.654 0 P 0
L 7.692 0.647504 7.692 0.660496 0 P 0
L 7.69352 3.056574 7.73289 3.056574 1 P 0
L 7.700252 5.17404 7.700252 5.233094 0 P 0
L 7.700252 5.17404 7.731748 5.17404 0 P 0
L 7.700252 5.233094 7.731748 5.233094 0 P 0
L 7.70456 0.737818 7.70456 0.840182 0 P 0
L 7.709504 5.203568 7.722496 5.203568 1 P 0
L 7.713204 3.03689 7.713204 3.07626 1 P 0
L 7.716 5.19707 7.716 5.210064 1 P 0
L 7.719772 0.857662 7.719772 0.94034 0 P 0
L 7.724316 1.02944 7.724316 1.08456 0 P 0
L 7.724316 1.02944 7.838488 1.02944 0 P 0
L 7.724316 1.08456 7.838488 1.08456 0 P 0
L 7.724914 1.087442 7.724914 1.14256 0 P 0
L 7.724914 1.087442 7.839086 1.087442 0 P 0
L 7.724914 1.14256 7.839086 1.14256 0 P 0
L 7.725464 0.634314 7.725464 0.673686 0 P 0
L 7.731748 5.17404 7.731748 5.233094 0 P 0
L 7.740606 4.11263 7.740606 4.19137 0 P 0
L 7.740606 4.11263 7.874464 4.11263 0 P 0
L 7.740606 4.19137 7.874464 4.19137 0 P 0
L 7.740606 4.197296 7.740606 4.276036 0 P 0
L 7.740606 4.197296 7.874464 4.197296 0 P 0
L 7.740606 4.276036 7.874464 4.276036 0 P 0
L 7.740606 4.281964 7.740606 4.360704 0 P 0
L 7.740606 4.281964 7.874464 4.281964 0 P 0
L 7.740606 4.360704 7.874464 4.360704 0 P 0
L 7.740606 4.36663 7.740606 4.44537 0 P 0
L 7.740606 4.36663 7.874464 4.36663 0 P 0
L 7.740606 4.44537 7.874464 4.44537 0 P 0
L 7.749442 5.131716 7.749442 5.24589 0 P 0
L 7.749442 5.131716 7.80456 5.131716 0 P 0
L 7.749442 5.24589 7.80456 5.24589 0 P 0
L 7.750048 0.078582 7.750048 0.401418 0 P 0
L 7.759284 5.188804 7.794716 5.188804 1 P 0
L 7.763686 1.057 7.799118 1.057 1 P 0
L 7.764284 1.115 7.799716 1.115 1 P 0
L 7.777 5.171086 7.777 5.20652 1 P 0
L 7.781402 1.039284 7.781402 1.074716 1 P 0
L 7.782 1.097284 7.782 1.132716 1 P 0
L 7.78785 4.152 7.82722 4.152 1 P 0
L 7.78785 4.236666 7.82722 4.236666 1 P 0
L 7.78785 4.321334 7.82722 4.321334 1 P 0
L 7.78785 4.406 7.82722 4.406 1 P 0
L 7.793316 0.912544 7.793316 0.979472 0 P 0
L 7.793316 0.912544 7.832686 0.912544 0 P 0
L 7.793316 0.979472 7.832686 0.979472 0 P 0
L 7.80456 5.131716 7.80456 5.24589 0 P 0
L 7.806504 0.946008 7.819496 0.946008 0 P 0
L 7.807536 4.132316 7.807536 4.171686 1 P 0
L 7.807536 4.216982 7.807536 4.256352 1 P 0
L 7.807536 4.301648 7.807536 4.341018 1 P 0
L 7.807536 4.386314 7.807536 4.425684 1 P 0
L 7.813 0.939512 7.813 0.952504 0 P 0
L 7.832686 0.912544 7.832686 0.979472 0 P 0
L 7.838488 1.02944 7.838488 1.08456 0 P 0
L 7.839086 1.087442 7.839086 1.14256 0 P 0
L 7.849772 1.02944 7.849772 1.08456 0 P 0
L 7.849772 1.02944 7.963944 1.02944 0 P 0
L 7.849772 1.08456 7.963944 1.08456 0 P 0
L 7.85863 0.925536 7.85863 0.992464 0 P 0
L 7.85863 0.925536 7.898 0.925536 0 P 0
L 7.85863 0.992464 7.898 0.992464 0 P 0
L 7.871818 0.959 7.884812 0.959 0 P 0
L 7.874464 4.11263 7.874464 4.19137 0 P 0
L 7.874464 4.197296 7.874464 4.276036 0 P 0
L 7.874464 4.281964 7.874464 4.360704 0 P 0
L 7.874464 4.36663 7.874464 4.44537 0 P 0
L 7.878314 0.952504 7.878314 0.965496 0 P 0
L 7.881182 1.38376 7.881182 1.678248 0 P 0
L 7.881182 1.38376 8.17567 1.38376 0 P 0
L 7.881182 1.678248 8.17567 1.678248 0 P 0
L 7.887418 2.869566 7.887418 3.243582 0 P 0
L 7.889142 1.057 7.924574 1.057 1 P 0
L 7.898 0.925536 7.898 0.992464 0 P 0
L 7.906858 1.039284 7.906858 1.074716 1 P 0
L 7.909794 0.488662 7.909794 0.57134 0 P 0
L 7.909794 0.488662 8.063338 0.488662 0 P 0
L 7.909794 0.57134 8.063338 0.57134 0 P 0
L 7.951552 0.426528 7.951552 0.493456 0 P 0
L 7.951552 0.426528 7.990922 0.426528 0 P 0
L 7.951552 0.493456 7.990922 0.493456 0 P 0
L 7.963944 1.02944 7.963944 1.08456 0 P 0
L 7.96474 0.459992 7.977732 0.459992 0 P 0
L 7.967866 0.53 8.005266 0.53 0 P 0
L 7.971236 0.453496 7.971236 0.466488 0 P 0
L 7.982662 0.426528 7.982662 0.493456 0 P 0
L 7.982662 0.426528 8.022032 0.426528 0 P 0
L 7.982662 0.493456 8.022032 0.493456 0 P 0
L 7.986566 0.5113 7.986566 0.548702 0 P 0
L 7.990922 0.426528 7.990922 0.493456 0 P 0
L 7.99585 0.459992 8.008842 0.459992 0 P 0
L 8.002346 0.453496 8.002346 0.466488 0 P 0
L 8.003426 1.531004 8.048426 1.531004 1 P 0
L 8.010788 3.8159795 8.010788 4.3081035 0 P 0
L 8.010788 3.8159795 8.609212 3.8159795 0 P 0
L 8.010788 4.3081035 8.609212 4.3081035 0 P 0
L 8.022032 0.426528 8.022032 0.493456 0 P 0
L 8.028426 1.506004 8.028426 1.551004 1 P 0
L 8.048788 3.815938 8.048788 4.308062 0 P 0
L 8.048788 3.815938 8.647212 3.815938 0 P 0
L 8.048788 4.308062 8.647212 4.308062 0 P 0
L 8.063338 0.488662 8.063338 0.57134 0 P 0
L 8.068316 0.732528 8.068316 0.799456 0 P 0
L 8.068316 0.732528 8.107686 0.732528 0 P 0
L 8.068316 0.799456 8.107686 0.799456 0 P 0
L 8.081504 0.765992 8.094496 0.765992 0 P 0
L 8.088 0.759496 8.088 0.772488 0 P 0
L 8.09363 4.79807 8.09363 4.93193 0 P 0
L 8.09363 4.79807 8.17237 4.79807 0 P 0
L 8.09363 4.93193 8.17237 4.93193 0 P 0
L 8.107686 0.732528 8.107686 0.799456 0 P 0
L 8.113314 4.759598 8.113314 4.834402 0 P 0
L 8.113314 4.759598 8.152686 4.759598 0 P 0
L 8.113314 4.834402 8.152686 4.834402 0 P 0
L 8.113316 4.865 8.152686 4.865 1 P 0
L 8.113316 4.893008 8.113316 4.967812 0 P 0
L 8.113316 4.893008 8.152686 4.893008 0 P 0
L 8.113316 4.967812 8.152686 4.967812 0 P 0
L 8.12119 4.797 8.144812 4.797 1 P 0
L 8.12119 4.93041 8.144812 4.93041 1 P 0
L 8.133 4.785188 8.133 4.808812 1 P 0
L 8.133 4.845316 8.133 4.884686 1 P 0
L 8.133 4.918598 8.133 4.94222 1 P 0
L 8.152686 4.759598 8.152686 4.834402 0 P 0
L 8.152686 4.893008 8.152686 4.967812 0 P 0
L 8.17237 4.79807 8.17237 4.93193 0 P 0
L 8.17567 1.38376 8.17567 1.678248 0 P 0
L 8.1782683 0.390564 8.1782683 0.429936 0 P 0
L 8.1782683 0.390564 8.2451963 0.390564 0 P 0
L 8.1782683 0.429936 8.2451963 0.429936 0 P 0
L 8.184134 4.833392 8.184134 4.88851 0 P 0
L 8.184134 4.833392 8.211692 4.833392 0 P 0
L 8.184134 4.88851 8.211692 4.88851 0 P 0
L 8.192008 4.86095 8.203818 4.86095 1 P 0
L 8.197914 4.855046 8.197914 4.866856 1 P 0
L 8.2052363 0.41025 8.2182283 0.41025 0 P 0
L 8.211692 4.833392 8.211692 4.88851 0 P 0
L 8.2117323 0.403754 8.2117323 0.416746 0 P 0
L 8.2451963 0.390564 8.2451963 0.429936 0 P 0
L 8.273598 5.212316 8.273598 5.251686 0 P 0
L 8.273598 5.212316 8.348402 5.212316 0 P 0
L 8.273598 5.251686 8.348402 5.251686 0 P 0
L 8.290316 4.0620415 8.329686 4.0620415 1 P 0
L 8.29963 4.85907 8.29963 4.99293 0 P 0
L 8.29963 4.85907 8.37837 4.85907 0 P 0
L 8.29963 4.99293 8.37837 4.99293 0 P 0
L 8.300174 5.232 8.321826 5.232 0 P 0
L 8.31 4.0423555 8.31 4.0817275 1 P 0
L 8.311 5.221174 8.311 5.242826 0 P 0
L 8.319316 4.926 8.358686 4.926 1 P 0
L 8.328316 4.062 8.367686 4.062 1 P 0
L 8.339 4.906314 8.339 4.945686 1 P 0
L 8.348 4.042314 8.348 4.081686 1 P 0
L 8.348402 5.212316 8.348402 5.251686 0 P 0
L 8.37837 4.85907 8.37837 4.99293 0 P 0
L 8.390788 4.528252 8.390788 5.020378 0 P 0
L 8.390788 4.528252 8.989212 4.528252 0 P 0
L 8.390788 5.020378 8.989212 5.020378 0 P 0
L 8.463292 4.461922 8.463292 4.702078 0 P 0
L 8.463292 4.461922 8.624708 4.461922 0 P 0
L 8.463292 4.702078 8.624708 4.702078 0 P 0
L 8.463292 4.890922 8.463292 5.131078 0 P 0
L 8.463292 4.890922 8.624708 4.890922 0 P 0
L 8.463292 5.131078 8.624708 5.131078 0 P 0
L 8.524314 5.011 8.563686 5.011 1 P 0
L 8.524316 4.582 8.563686 4.582 1 P 0
L 8.544 4.562314 8.544 4.601686 1 P 0
L 8.544 4.991316 8.544 5.030686 1 P 0
L 8.609212 3.8159795 8.609212 4.3081035 0 P 0
L 8.624708 4.461922 8.624708 4.702078 0 P 0
L 8.624708 4.890922 8.624708 5.131078 0 P 0
L 8.647212 3.815938 8.647212 4.308062 0 P 0
L 8.648292 4.461922 8.648292 4.702078 0 P 0
L 8.648292 4.461922 8.809708 4.461922 0 P 0
L 8.648292 4.702078 8.809708 4.702078 0 P 0
L 8.648292 4.890922 8.648292 5.131078 0 P 0
L 8.648292 4.890922 8.809708 4.890922 0 P 0
L 8.648292 5.131078 8.809708 5.131078 0 P 0
L 8.670316 4.774314 8.709686 4.774314 1 P 0
L 8.69 4.75463 8.69 4.794 1 P 0
L 8.709314 5.011 8.748686 5.011 1 P 0
L 8.709316 4.582 8.748686 4.582 1 P 0
L 8.729 4.562314 8.729 4.601686 1 P 0
L 8.729 4.991316 8.729 5.030686 1 P 0
L 8.809708 4.461922 8.809708 4.702078 0 P 0
L 8.809708 4.890922 8.809708 5.131078 0 P 0
L 8.872638 2.577606 8.872638 3.278394 0 P 0
L 8.872638 2.577606 9.327362 2.577606 0 P 0
L 8.872638 3.278394 9.327362 3.278394 0 P 0
L 8.887102 3.30663 8.887102 3.38537 0 P 0
L 8.887102 3.30663 9.024898 3.30663 0 P 0
L 8.887102 3.38537 9.024898 3.38537 0 P 0
L 8.897102 2.33263 8.897102 2.41137 0 P 0
L 8.897102 2.33263 9.034898 2.33263 0 P 0
L 8.897102 2.41137 9.034898 2.41137 0 P 0
L 8.897354 1.670646 8.897354 2.30844 0 P 0
L 8.897354 1.670646 9.316646 1.670646 0 P 0
L 8.897354 2.30844 9.316646 2.30844 0 P 0
L 8.936316 3.346 8.975686 3.346 1 P 0
L 8.946316 2.372 8.985686 2.372 1 P 0
L 8.956 3.326316 8.956 3.365686 1 P 0
L 8.966 2.352316 8.966 2.391686 1 P 0
L 8.989212 4.528252 8.989212 5.020378 0 P 0
L 9.024898 3.30663 9.024898 3.38537 0 P 0
L 9.034898 2.33263 9.034898 2.41137 0 P 0
L 9.079102 3.30463 9.079102 3.38337 0 P 0
L 9.079102 3.30463 9.216898 3.30463 0 P 0
L 9.079102 3.38337 9.216898 3.38337 0 P 0
L 9.080316 2.928 9.119686 2.928 1 P 0
L 9.087316 1.989544 9.126686 1.989544 1 P 0
L 9.1 2.908316 9.1 2.947686 1 P 0
L 9.107 1.969858 9.107 2.009228 1 P 0
L 9.128314 3.344 9.167686 3.344 1 P 0
L 9.130102 2.32763 9.130102 2.40637 0 P 0
L 9.130102 2.32763 9.267898 2.32763 0 P 0
L 9.130102 2.40637 9.267898 2.40637 0 P 0
L 9.148 3.324314 9.148 3.363684 1 P 0
L 9.179314 2.367 9.218686 2.367 1 P 0
L 9.199 2.347314 9.199 2.386684 1 P 0
L 9.216898 3.30463 9.216898 3.38337 0 P 0
L 9.267898 2.32763 9.267898 2.40637 0 P 0
L 9.316646 1.670646 9.316646 2.30844 0 P 0
L 9.327362 2.577606 9.327362 3.278394 0 P 0
L 9.550544 2.51256 10.007236 2.51256 0 P 0
L 9.550544 2.51256 9.550544 3.126732 0 P 0
L 9.550544 3.126732 10.007236 3.126732 0 P 0
L 9.58863 2.077102 9.58863 2.214898 0 P 0
L 9.58863 2.077102 9.66737 2.077102 0 P 0
L 9.58863 2.214898 9.66737 2.214898 0 P 0
L 9.608314 2.146 9.647684 2.146 1 P 0
L 9.628 2.126316 9.628 2.165686 1 P 0
L 9.66737 2.077102 9.66737 2.214898 0 P 0
L 9.735582 2.819646 9.774952 2.819646 1 P 0
L 9.755268 2.79996 9.755268 2.83933 1 P 0
L 9.763582 1.284952 10.086418 1.284952 0 P 0
L 9.763582 1.284952 9.763582 1.529048 0 P 0
L 9.763582 1.529048 10.086418 1.529048 0 P 0
L 9.808102 2.24663 9.808102 2.32537 0 P 0
L 9.808102 2.24663 9.945898 2.24663 0 P 0
L 9.808102 2.32537 9.945898 2.32537 0 P 0
L 9.857314 2.286 9.896686 2.286 1 P 0
L 9.877 2.266314 9.877 2.305684 1 P 0
L 9.905316 1.407 9.944686 1.407 1 P 0
L 9.925 1.387314 9.925 1.426686 1 P 0
L 9.945898 2.24663 9.945898 2.32537 0 P 0
