#Layer_Physical_Order=3
#Layer_Color=36540
#
#Feature symbol names
#
$0 r4
$1 r8
$2 r60
$3 r52
$4 r59.0551

#
#Feature attribute names
#
@0 .geometry
@1 .pad_usage

#
#Feature attribute text strings
#
&0 Pad_Simple_X60.0000Y60.0000H40.1575C80.1575
&1 Pad_Simple_X52.0000Y52.0000H39.0000C79.0000
&2 Pad_Simple_X59.0551Y59.0551H35.4331C75.4331
&3 VIA_RoundD8.0000H4.0000C44.0000

#
#Layer features
#
L 0.865 0.653 0.8655941 0.6535941 1 P 0
L 0.8655941 0.6535941 0.8655941 0.855 1 P 0
L 1.039788 1.1160433 1.335 0.8208313 1 P 0
L 1.335 0.82 1.335 0.8208313 1 P 0
L 2.704 0.111 2.704 0.174 0 P 0
L 2.704 0.111 2.744344 0.070656 0 P 0
L 2.704 0.174 2.784 0.254 0 P 0
L 2.744344 0.070656 2.747656 0.070656 0 P 0
L 2.747656 0.070656 2.748 0.071 0 P 0
L 2.748 0.071 3.525 0.071 0 P 0
L 2.857 3.574 2.857 3.59 0 P 0
L 2.857 3.59 2.994606 3.727606 0 P 0
L 2.889 3.574 2.889 3.601 0 P 0
L 2.889 3.601 3.001 3.713 0 P 0
L 2.95 3.574 2.95 3.633 0 P 0
L 2.95 3.633 3.016 3.699 0 P 0
L 2.983 3.574 2.983 3.639 0 P 0
L 2.983 3.639 3.028 3.684 0 P 0
L 2.994606 3.727606 3.239 3.727606 0 P 0
L 3.001 3.713 3.235 3.713 0 P 0
L 3.016 3.699 3.240394 3.699 0 P 0
L 3.028 3.684 3.236 3.684 0 P 0
L 3.046 3.574 3.046 3.648 0 P 0
L 3.046 3.648 3.069 3.671 0 P 0
L 3.069 3.671 3.261394 3.671 0 P 0
L 3.076 3.574 3.076 3.631 0 P 0
L 3.076 3.631 3.101 3.656 0 P 0
L 3.101 3.656 3.257 3.656 0 P 0
L 3.138 3.581 3.138 3.627 0 P 0
L 3.138 3.627 3.155 3.644 0 P 0
L 3.155 3.644 3.262786 3.644 0 P 0
L 3.171 3.562 3.171 3.619 0 P 0
L 3.171 3.619 3.187 3.635 0 P 0
L 3.187 3.635 3.264394 3.635 0 P 0
L 3.207 3.468394 3.207 3.598 0 P 0
L 3.207 3.468394 3.267 3.408394 0 P 0
L 3.207 3.598 3.236 3.627 0 P 0
L 3.219 3.475 3.219 3.597606 0 P 0
L 3.219 3.475 3.298 3.396 0 P 0
L 3.219 3.597606 3.240394 3.619 0 P 0
L 3.235 3.562 3.235 3.584606 0 P 0
L 3.235 3.584606 3.251394 3.601 0 P 0
L 3.235 3.713 4.122 4.6 0 P 0
L 3.236 3.627 3.267 3.627 0 P 0
L 3.236 3.684 4.122 4.57 0 P 0
L 3.239 3.727606 4.120394 4.609 0 P 0
L 3.240394 3.619 3.288894 3.619 0 P 0
L 3.240394 3.699 4.118894 4.5775 0 P 0
L 3.251394 3.601 3.2815 3.601 0 P 0
L 3.257 3.656 4.122 4.521 0 P 0
L 3.261394 3.671 4.120394 4.53 0 P 0
L 3.262786 3.644 4.117786 4.499 0 P 0
L 3.264394 3.635 4.120394 4.491 0 P 0
L 3.267 3.38 3.267 3.408394 0 P 0
L 3.267 3.562 3.267 3.569214 0 P 0
L 3.267 3.569214 4.118786 4.421 0 P 0
L 3.267 3.627 4.122 4.482 0 P 0
L 3.2815 3.525 3.2815 3.573106 0 P 0
L 3.2815 3.525 3.361 3.4455 0 P 0
L 3.2815 3.573106 4.121394 4.413 0 P 0
L 3.2815 3.601 4.122 4.4415 0 P 0
L 3.288894 3.619 4.121894 4.452 0 P 0
L 3.29 3.547 3.29 3.571 0 P 0
L 3.29 3.547 3.393 3.444 0 P 0
L 3.29 3.571 4.122 4.403 0 P 0
L 3.298 3.38 3.298 3.396 0 P 0
L 3.331 3.548 3.331 3.592606 0 P 0
L 3.331 3.592606 4.120394 4.382 0 P 0
L 3.361 3.376 3.361 3.4455 0 P 0
L 3.361 3.548 3.361 3.612 0 P 0
L 3.361 3.612 4.122 4.373 0 P 0
L 3.375 3.478 3.375 3.609438 0 P 0
L 3.375 3.478 3.456 3.397 0 P 0
L 3.375 3.609438 4.119176 4.353614 0 P 0
L 3.393 3.376 3.393 3.444 0 P 0
L 3.393 3.489 3.393 3.61683 0 P 0
L 3.393 3.489 3.488 3.394 0 P 0
L 3.393 3.61683 4.11917 4.343 0 P 0
L 3.423 3.548 3.423 3.636224 0 P 0
L 3.423 3.636224 4.120894 4.334118 0 P 0
L 3.456 3.37 3.456 3.397 0 P 0
L 3.456 3.547 3.456 3.658618 0 P 0
L 3.456 3.658618 4.122 4.324618 0 P 0
L 3.471 3.478 3.471 3.643606 0 P 0
L 3.471 3.478 3.55 3.399 0 P 0
L 3.471 3.643606 4.121394 4.294 0 P 0
L 3.488 3.373 3.488 3.394 0 P 0
L 3.488 3.49 3.488 3.65 0 P 0
L 3.488 3.49 3.582 3.396 0 P 0
L 3.488 3.65 4.122 4.284 0 P 0
L 3.519 3.551 3.519 3.662606 0 P 0
L 3.519 3.662606 4.119394 4.263 0 P 0
L 3.525 0.071 3.602 0.148 0 P 0
L 3.55 3.373 3.55 3.399 0 P 0
L 3.55 3.551 3.55 3.683 0 P 0
L 3.55 3.683 4.122 4.255 0 P 0
L 3.567 3.447 3.567 3.661106 0 P 0
L 3.567 3.447 3.627 3.387 0 P 0
L 3.567 3.661106 4.120894 4.215 0 P 0
L 3.582 3.374 3.582 3.396 0 P 0
L 3.582 3.461114 3.582 3.6655 0 P 0
L 3.582 3.461114 3.669 3.374114 0 P 0
L 3.582 3.6655 4.122 4.2055 0 P 0
L 3.602 0.148 3.602 0.237 0 P 0
L 3.602 0.237 3.704 0.339 0 P 0
L 3.612 3.553 3.612 3.669606 0 P 0
L 3.612 3.669606 4.119394 4.177 0 P 0
L 3.6425 3.553 3.6425 3.6895 0 P 0
L 3.6425 3.6895 4.122 4.169 0 P 0
L 3.669 3.373082 3.669 3.374114 0 P 0
L 3.669 3.373082 3.671 3.371082 0 P 0
L 3.671 3.37 3.671 3.371082 0 P 0
L 3.7035 3.547 3.7035 3.731714 0 P 0
L 3.7035 3.731714 4.116286 4.1445 0 P 0
L 3.704 0.339 4.166066 0.339 0 P 0
L 3.711 3.5805 3.711 3.728606 0 P 0
L 3.711 3.5805 3.7435 3.548 0 P 0
L 3.711 3.728606 4.119394 4.137 0 P 0
L 3.719 3.626 3.719 3.726 0 P 0
L 3.719 3.626 3.798 3.547 0 P 0
L 3.719 3.726 4.122 4.129 0 P 0
L 3.7435 3.6335 3.7435 3.731714 0 P 0
L 3.7435 3.6335 3.83 3.547 0 P 0
L 3.7435 3.731714 4.116286 4.1045 0 P 0
L 3.75 0.251 3.81 0.311 0 P 0
L 3.778 3.631 3.778 3.755606 0 P 0
L 3.778 3.631 3.927 3.482 0 P 0
L 3.778 3.755606 4.119394 4.097 0 P 0
L 3.799 3.63 3.799 3.766 0 P 0
L 3.799 3.63 3.958 3.471 0 P 0
L 3.799 3.766 4.122 4.089 0 P 0
L 3.801 1.549394 3.801 1.713958 0 P 0
L 3.801 1.549394 4.439394 0.911 0 P 0
L 3.801 1.713958 3.804 1.716958 0 P 0
L 3.804 1.716958 3.804 1.817 0 P 0
L 3.808 0.104 3.808 0.209 0 P 0
L 3.808 0.104 3.865 0.047 0 P 0
L 3.808 0.209 3.85 0.251 0 P 0
L 3.809 1.552 3.809 1.618 0 P 0
L 3.809 1.552 4.442 0.919 0 P 0
L 3.809 1.618 3.826 1.635 0 P 0
L 3.81 0.311 4.148672 0.311 0 P 0
L 3.816786 3.632214 3.816786 3.766 0 P 0
L 3.816786 3.632214 3.897234 3.551766 0 P 0
L 3.816786 3.766 4.116286 4.0655 0 P 0
L 3.827394 3.646606 3.827394 3.766 0 P 0
L 3.827394 3.646606 3.927 3.547 0 P 0
L 3.827394 3.766 4.119394 4.058 0 P 0
L 3.834252 1.712332 3.834252 1.805 0 P 0
L 3.834252 1.712332 3.84 1.706584 0 P 0
L 3.84 1.550394 3.84 1.706584 0 P 0
L 3.84 1.550394 4.440394 0.95 0 P 0
L 3.848 3.640438 3.848 3.776 0 P 0
L 3.848 3.640438 4.023438 3.465 0 P 0
L 3.848 3.776 4.122 4.05 0 P 0
L 3.849 1.552 3.849 1.628 0 P 0
L 3.849 1.552 4.442 0.959 0 P 0
L 3.849 1.628 3.859 1.638 0 P 0
L 3.858 3.656 3.858 3.767214 0 P 0
L 3.858 3.656 4.053 3.461 0 P 0
L 3.858 3.767214 4.116286 4.0255 0 P 0
L 3.865 0.047 4.239 0.047 0 P 0
L 3.867394 3.658606 3.867394 3.766 0 P 0
L 3.867394 3.658606 3.941394 3.584606 0 P 0
L 3.867394 3.766 4.119394 4.018 0 P 0
L 3.878 3.67 3.878 3.766 0 P 0
L 3.878 3.67 3.947 3.601 0 P 0
L 3.878 3.766 4.122 4.01 0 P 0
L 3.887882 1.552 3.887882 1.795638 0 P 0
L 3.887882 1.552 4.442 0.997882 0 P 0
L 3.887882 1.795638 3.897244 1.805 0 P 0
L 3.892394 3.685606 3.892394 3.752 0 P 0
L 3.892394 3.685606 3.966 3.612 0 P 0
L 3.892394 3.752 4.119394 3.979 0 P 0
L 3.897234 3.547766 3.897234 3.551766 0 P 0
L 3.897234 3.547766 3.898 3.547 0 P 0
L 3.902 0.102 3.902 0.203 0 P 0
L 3.902 0.102 3.941 0.063 0 P 0
L 3.902 0.203 3.95 0.251 0 P 0
L 3.903 3.691 3.903 3.752 0 P 0
L 3.903 3.691 3.968 3.626 0 P 0
L 3.903 3.752 4.122 3.971 0 P 0
L 3.916394 3.695606 3.916394 3.737 0 P 0
L 3.916394 3.695606 3.9785 3.6335 0 P 0
L 3.916394 3.737 4.119394 3.94 0 P 0
L 3.9205 1.548894 3.9205 1.62676 0 P 0
L 3.9205 1.548894 4.438894 1.0305 0 P 0
L 3.9205 1.62676 3.92874 1.635 0 P 0
L 3.927 3.376 3.927 3.482 0 P 0
L 3.927 3.696 3.927 3.737 0 P 0
L 3.927 3.696 3.979 3.644 0 P 0
L 3.927 3.737 4.122 3.932 0 P 0
L 3.928 1.805 3.93824 1.79476 0 P 0
L 3.93824 1.54176 3.93824 1.79476 0 P 0
L 3.93824 1.54176 4.442 1.038 0 P 0
L 3.941 0.063 4.226 0.063 0 P 0
L 3.941394 3.584606 3.976394 3.584606 0 P 0
L 3.944786 3.704214 3.944786 3.737 0 P 0
L 3.944786 3.704214 3.966 3.683 0 P 0
L 3.944786 3.737 4.116286 3.9085 0 P 0
L 3.947 3.601 3.998438 3.601 0 P 0
L 3.958 3.38 3.958 3.471 0 P 0
L 3.959 1.543612 3.959 1.638 0 P 0
L 3.959 1.543612 4.433612 1.069 0 P 0
L 3.966 3.612 4.017 3.612 0 P 0
L 3.966 3.683 4.061 3.683 0 P 0
L 3.967 1.54622 3.967 1.632566 0 P 0
L 3.967 1.54622 4.43622 1.077 0 P 0
L 3.967 1.632566 3.9685 1.634066 0 P 0
L 3.968 3.626 4.023438 3.626 0 P 0
L 3.9685 1.634066 3.9685 1.778768 0 P 0
L 3.9685 1.778768 3.991732 1.802 0 P 0
L 3.974932 1.548894 3.974932 1.615 0 P 0
L 3.974932 1.548894 4.438894 1.084932 0 P 0
L 3.974932 1.615 4.025 1.665068 0 P 0
L 3.976394 3.584606 3.991 3.57 0 P 0
L 3.9785 3.6335 4.04 3.6335 0 P 0
L 3.979 3.644 4.079 3.644 0 P 0
L 3.982432 1.552 3.982432 1.611894 0 P 0
L 3.982432 1.552 4.442 1.092432 0 P 0
L 3.982432 1.611894 4.00554 1.635 0 P 0
L 3.991 3.551 3.991 3.57 0 P 0
L 3.998 0.128 3.998 0.207 0 P 0
L 3.998 0.128 4.036 0.09 0 P 0
L 3.998 0.207 4.042 0.251 0 P 0
L 3.998438 3.601 4.023438 3.576 0 P 0
L 4.00554 1.635 4.012 1.635 0 P 0
L 4.007 1.552 4.007 1.615 0 P 0
L 4.007 1.552 4.442 1.117 0 P 0
L 4.007 1.615 4.032282 1.640282 0 P 0
L 4.012 1.635 4.024 1.647 0 P 0
L 4.017 3.612 4.053 3.576 0 P 0
L 4.023438 3.374114 4.023438 3.465 0 P 0
L 4.023438 3.548 4.023438 3.576 0 P 0
L 4.023438 3.626 4.067 3.582438 0 P 0
L 4.024 1.786 4.024 1.805 0 P 0
L 4.024 1.786 4.025 1.785 0 P 0
L 4.025 1.665068 4.025 1.785 0 P 0
L 4.032282 1.640282 4.038282 1.640282 0 P 0
L 4.036 0.09 4.214 0.09 0 P 0
L 4.038282 1.640282 4.054724 1.656724 0 P 0
L 4.04 3.6335 4.083 3.5905 0 P 0
L 4.042 0.251 4.05 0.251 0 P 0
L 4.045 1.549394 4.045 1.615 0 P 0
L 4.045 1.549394 4.439394 1.155 0 P 0
L 4.045 1.615 4.085 1.655 0 P 0
L 4.053 1.552 4.053 1.612394 0 P 0
L 4.053 1.552 4.442 1.163 0 P 0
L 4.053 1.612394 4.0925 1.651894 0 P 0
L 4.053 3.371082 4.053 3.461 0 P 0
L 4.053 3.525 4.053 3.576 0 P 0
L 4.053 3.525 4.114286 3.463714 0 P 0
L 4.054724 1.656724 4.054724 1.657 0 P 0
L 4.061 3.683 4.135 3.609 0 P 0
L 4.067 3.537 4.067 3.582438 0 P 0
L 4.067 3.537 4.15 3.454 0 P 0
L 4.0775 1.546286 4.0775 1.618106 0 P 0
L 4.0775 1.546286 4.436286 1.1875 0 P 0
L 4.0775 1.618106 4.091564 1.63217 0 P 0
L 4.079 3.644 4.116286 3.606714 0 P 0
L 4.083 3.551 4.083 3.5905 0 P 0
L 4.085 1.549394 4.085 1.615 0 P 0
L 4.085 1.549394 4.439394 1.195 0 P 0
L 4.085 1.615 4.09467 1.62467 0 P 0
L 4.085 1.655 4.085 1.805 0 P 0
L 4.091564 1.63217 4.10267 1.63217 0 P 0
L 4.0925 1.651894 4.0925 1.776784 0 P 0
L 4.0925 1.776784 4.117716 1.802 0 P 0
L 4.093 1.552 4.093 1.611894 0 P 0
L 4.093 1.552 4.442 1.203 0 P 0
L 4.093 1.611894 4.094554 1.613446 0 P 0
L 4.094554 1.613446 4.119408 1.613446 0 P 0
L 4.09467 1.62467 4.108606 1.62467 0 P 0
L 4.10267 1.63217 4.1175 1.647 0 P 0
L 4.108606 1.62467 4.133 1.649066 0 P 0
L 4.114286 3.38 4.114286 3.463714 0 P 0
L 4.116286 3.551 4.116286 3.606714 0 P 0
L 4.116286 3.9085 5.852714 3.9085 0 P 0
L 4.116286 4.0255 5.852714 4.0255 0 P 0
L 4.116286 4.0655 5.852714 4.0655 0 P 0
L 4.116286 4.1045 5.852714 4.1045 0 P 0
L 4.116286 4.1445 5.852714 4.1445 0 P 0
L 4.1175 1.548894 4.1175 1.600932 0 P 0
L 4.1175 1.548894 4.438894 1.2275 0 P 0
L 4.1175 1.600932 4.15032 1.633752 0 P 0
L 4.117786 4.499 5.851214 4.499 0 P 0
L 4.118786 4.421 5.850214 4.421 0 P 0
L 4.118894 4.5775 5.850106 4.5775 0 P 0
L 4.11917 4.343 5.84983 4.343 0 P 0
L 4.119176 4.353614 5.849824 4.353614 0 P 0
L 4.119394 3.94 5.849606 3.94 0 P 0
L 4.119394 3.979 5.849606 3.979 0 P 0
L 4.119394 4.018 5.849606 4.018 0 P 0
L 4.119394 4.058 5.849606 4.058 0 P 0
L 4.119394 4.097 5.849606 4.097 0 P 0
L 4.119394 4.137 5.849606 4.137 0 P 0
L 4.119394 4.177 5.849606 4.177 0 P 0
L 4.119394 4.263 5.849606 4.263 0 P 0
L 4.119408 1.613446 4.149212 1.643252 0 P 0
L 4.120394 4.382 5.848606 4.382 0 P 0
L 4.120394 4.491 5.848606 4.491 0 P 0
L 4.120394 4.53 5.848606 4.53 0 P 0
L 4.120394 4.609 5.848606 4.609 0 P 0
L 4.120894 4.215 5.848106 4.215 0 P 0
L 4.120894 4.334118 5.848106 4.334118 0 P 0
L 4.121394 4.294 5.847606 4.294 0 P 0
L 4.121394 4.413 5.847606 4.413 0 P 0
L 4.121894 4.452 5.847106 4.452 0 P 0
L 4.122 3.932 5.847 3.932 0 P 0
L 4.122 3.971 5.847 3.971 0 P 0
L 4.122 4.01 5.847 4.01 0 P 0
L 4.122 4.05 5.847 4.05 0 P 0
L 4.122 4.089 5.847 4.089 0 P 0
L 4.122 4.129 5.847 4.129 0 P 0
L 4.122 4.169 5.847 4.169 0 P 0
L 4.122 4.2055 5.847 4.2055 0 P 0
L 4.122 4.255 5.847 4.255 0 P 0
L 4.122 4.284 5.847 4.284 0 P 0
L 4.122 4.324618 5.847 4.324618 0 P 0
L 4.122 4.373 5.847 4.373 0 P 0
L 4.122 4.403 5.847 4.403 0 P 0
L 4.122 4.4415 5.847 4.4415 0 P 0
L 4.122 4.482 5.847 4.482 0 P 0
L 4.122 4.521 5.847 4.521 0 P 0
L 4.122 4.57 5.847 4.57 0 P 0
L 4.122 4.6 5.847 4.6 0 P 0
L 4.125 1.552 4.125 1.597826 0 P 0
L 4.125 1.552 4.442 1.235 0 P 0
L 4.125 1.597826 4.133586 1.606414 0 P 0
L 4.133 1.649066 4.133 1.754292 0 P 0
L 4.133 1.754292 4.180708 1.802 0 P 0
L 4.133586 1.606414 4.136416 1.606414 0 P 0
L 4.135 3.49 4.135 3.609 0 P 0
L 4.135 3.49 4.165 3.46 0 P 0
L 4.136416 1.606414 4.274 1.743998 0 P 0
L 4.148672 0.311 4.617172 0.7795 0 P 0
L 4.15 0.251 4.15 0.301722 0 P 0
L 4.15 0.301722 4.62 0.771722 0 P 0
L 4.15 3.376 4.15 3.454 0 P 0
L 4.15032 1.633752 4.153148 1.633752 0 P 0
L 4.153148 1.633752 4.2115 1.692104 0 P 0
L 4.1565 1.545786 4.1565 1.615 0 P 0
L 4.1565 1.545786 4.435786 1.2665 0 P 0
L 4.1565 1.615 4.1995 1.658 0 P 0
L 4.164 1.548894 4.164 1.611894 0 P 0
L 4.164 1.548894 4.438894 1.274 0 P 0
L 4.164 1.611894 4.186366 1.63426 0 P 0
L 4.165 3.412 4.165 3.46 0 P 0
L 4.165 3.412 4.18 3.397 0 P 0
L 4.166066 0.339 4.614066 0.787 0 P 0
L 4.1715 1.552 4.1715 1.608786 0 P 0
L 4.1715 1.552 4.442 1.2815 0 P 0
L 4.1715 1.608786 4.189474 1.62676 0 P 0
L 4.18 3.397 4.196 3.397 0 P 0
L 4.182 3.425 4.261 3.346 0 P 0
L 4.186366 1.63426 4.205654 1.63426 0 P 0
L 4.189474 1.62676 4.22346 1.62676 0 P 0
L 4.196 3.397 4.20993 3.383072 0 P 0
L 4.1965 1.545786 4.1965 1.586364 0 P 0
L 4.1965 1.545786 4.435786 1.3065 0 P 0
L 4.1965 1.586364 4.308818 1.698682 0 P 0
L 4.1995 1.658 4.212204 1.658 0 P 0
L 4.204 1.548894 4.204 1.583258 0 P 0
L 4.204 1.548894 4.438894 1.314 0 P 0
L 4.204 1.583258 4.230742 1.61 0 P 0
L 4.205654 1.63426 4.224 1.652606 0 P 0
L 4.20993 3.377072 4.20993 3.383072 0 P 0
L 4.20993 3.377072 4.21 3.377 0 P 0
L 4.2115 1.552 4.2115 1.580152 0 P 0
L 4.2115 1.552 4.442 1.3215 0 P 0
L 4.2115 1.580152 4.222858 1.591508 0 P 0
L 4.2115 1.692104 4.2115 1.786 0 P 0
L 4.2115 1.786 4.212204 1.786704 0 P 0
L 4.212204 1.786704 4.212204 1.805 0 P 0
L 4.213 3.425 4.274 3.364 0 P 0
L 4.214 0.09 4.247566 0.123566 0 P 0
L 4.222858 1.591508 4.272338 1.591508 0 P 0
L 4.22346 1.62676 4.2437 1.647 0 P 0
L 4.224 1.652606 4.224 1.675 0 P 0
L 4.224 1.675 4.2815 1.7325 0 P 0
L 4.226 0.063 4.266 0.103 0 P 0
L 4.230742 1.61 4.235608 1.61 0 P 0
L 4.23346 1.550934 4.23346 1.56446 0 P 0
L 4.23346 1.550934 4.440934 1.34346 0 P 0
L 4.23346 1.56446 4.253008 1.584008 0 P 0
L 4.235608 1.61 4.248108 1.6225 0 P 0
L 4.239 0.047 4.278 0.086 0 P 0
L 4.243 1.552 4.243 1.563394 0 P 0
L 4.243 1.552 4.442 1.353 0 P 0
L 4.243 1.563394 4.256116 1.576508 0 P 0
L 4.244 3.01799 4.244 3.235 0 P 0
L 4.244 3.01799 4.34799 2.914 0 P 0
L 4.247566 0.123566 4.247566 0.369394 0 P 0
L 4.247566 0.369394 4.617394 0.739222 0 P 0
L 4.248108 1.6225 4.282192 1.6225 0 P 0
L 4.253008 1.584008 4.275444 1.584008 0 P 0
L 4.256116 1.576508 4.305116 1.576508 0 P 0
L 4.261 3.033 4.261 3.346 0 P 0
L 4.261 3.033 4.384164 2.909836 0 P 0
L 4.266 0.103 4.266 0.377222 0 P 0
L 4.266 0.377222 4.62 0.731222 0 P 0
L 4.272338 1.591508 4.326222 1.645394 0 P 0
L 4.274 1.743998 4.274 1.817 0 P 0
L 4.274 3.042664 4.274 3.364 0 P 0
L 4.274 3.042664 4.391664 2.925 0 P 0
L 4.275444 1.584008 4.32733 1.635894 0 P 0
L 4.276 3.393 4.276 3.425 0 P 0
L 4.276 3.393 4.353 3.316 0 P 0
L 4.278 0.086 4.278 0.358222 0 P 0
L 4.278 0.358222 4.62 0.700222 0 P 0
L 4.2815 1.7325 4.2815 1.7605 0 P 0
L 4.2815 1.7605 4.306692 1.785692 0 P 0
L 4.282192 1.6225 4.306222 1.64653 0 P 0
L 4.303 1.523 4.303 1.563786 0 P 0
L 4.303 1.523 4.442 1.384 0 P 0
L 4.303 1.563786 4.371384 1.63217 0 P 0
L 4.305116 1.576508 4.507374 1.778768 0 P 0
L 4.306 3.030164 4.306 3.242 0 P 0
L 4.306 3.030164 4.399164 2.937 0 P 0
L 4.306 3.395 4.306 3.425 0 P 0
L 4.306 3.395 4.368 3.333 0 P 0
L 4.306222 1.64653 4.306222 1.647 0 P 0
L 4.306692 1.785692 4.306692 1.817 0 P 0
L 4.308818 1.698682 4.308818 1.726818 0 P 0
L 4.308818 1.726818 4.37 1.788 0 P 0
L 4.321 1.549394 4.321 1.57118 0 P 0
L 4.321 1.549394 4.439394 1.431 0 P 0
L 4.321 1.57118 4.361606 1.611786 0 P 0
L 4.326222 1.645394 4.338436 1.645394 0 P 0
L 4.32733 1.635894 4.353894 1.635894 0 P 0
L 4.329 1.552 4.329 1.568574 0 P 0
L 4.329 1.552 4.442 1.439 0 P 0
L 4.329 1.568574 4.364714 1.604286 0 P 0
L 4.337 3.03299 4.337 3.242 0 P 0
L 4.337 3.03299 4.406664 2.963326 0 P 0
L 4.34799 2.595846 4.34799 2.914 0 P 0
L 4.34799 2.595846 4.81503 2.128806 0 P 0
L 4.353 3.049 4.353 3.316 0 P 0
L 4.353 3.049 4.427684 2.974316 0 P 0
L 4.353894 1.635894 4.52 1.802 0 P 0
L 4.361 1.552 4.361 1.568344 0 P 0
L 4.361 1.552 4.442 1.471 0 P 0
L 4.361 1.568344 4.384164 1.591508 0 P 0
L 4.361606 1.611786 4.397464 1.611786 0 P 0
L 4.364714 1.604286 4.54538 1.604286 0 P 0
L 4.368 3.054 4.368 3.333 0 P 0
L 4.368 3.054 4.435184 2.986816 0 P 0
L 4.37 1.788 4.37 1.808 0 P 0
L 4.371 3.374164 4.371 3.425 0 P 0
L 4.371 3.374164 4.474184 3.27098 0 P 0
L 4.371384 1.63217 4.384164 1.63217 0 P 0
L 4.384164 1.591508 4.567768 1.591508 0 P 0
L 4.384164 2.61083 4.384164 2.909836 0 P 0
L 4.384164 2.61083 4.830014 2.16498 0 P 0
L 4.391664 2.613938 4.391664 2.925 0 P 0
L 4.391664 2.613938 4.833122 2.17248 0 P 0
L 4.397464 1.611786 4.432678 1.647 0 P 0
L 4.399164 2.617044 4.399164 2.937 0 P 0
L 4.399164 2.617044 4.836228 2.17998 0 P 0
L 4.401 3.067 4.401 3.235 0 P 0
L 4.401 3.067 4.442684 3.025316 0 P 0
L 4.401 3.369664 4.401 3.425 0 P 0
L 4.401 3.369664 4.481684 3.28898 0 P 0
L 4.406664 2.62015 4.406664 2.963326 0 P 0
L 4.406664 2.62015 4.839334 2.18748 0 P 0
L 4.427684 2.628856 4.427684 2.974316 0 P 0
L 4.427684 2.628856 4.848042 2.2085 0 P 0
L 4.433 3.063684 4.433 3.235 0 P 0
L 4.433 3.063684 4.466184 3.0305 0 P 0
L 4.433612 1.069 5.324388 1.069 0 P 0
L 4.435184 2.631964 4.435184 2.986816 0 P 0
L 4.435184 2.631964 4.851148 2.216 0 P 0
L 4.435786 1.2665 5.322214 1.2665 0 P 0
L 4.435786 1.3065 5.322214 1.3065 0 P 0
L 4.43622 1.077 5.32178 1.077 0 P 0
L 4.436286 1.1875 5.321714 1.1875 0 P 0
L 4.438894 1.0305 5.319106 1.0305 0 P 0
L 4.438894 1.084932 5.319106 1.084932 0 P 0
L 4.438894 1.2275 5.319106 1.2275 0 P 0
L 4.438894 1.274 5.319106 1.274 0 P 0
L 4.438894 1.314 5.319106 1.314 0 P 0
L 4.439394 0.911 5.318606 0.911 0 P 0
L 4.439394 1.155 5.318606 1.155 0 P 0
L 4.439394 1.195 5.318606 1.195 0 P 0
L 4.439394 1.431 5.318606 1.431 0 P 0
L 4.440394 0.95 5.317606 0.95 0 P 0
L 4.440934 1.34346 5.317066 1.34346 0 P 0
L 4.442 0.919 5.316 0.919 0 P 0
L 4.442 0.959 5.316 0.959 0 P 0
L 4.442 0.997882 5.316 0.997882 0 P 0
L 4.442 1.038 5.316 1.038 0 P 0
L 4.442 1.092432 5.316 1.092432 0 P 0
L 4.442 1.117 5.316 1.117 0 P 0
L 4.442 1.163 5.316 1.163 0 P 0
L 4.442 1.203 5.316 1.203 0 P 0
L 4.442 1.235 5.316 1.235 0 P 0
L 4.442 1.2815 5.316 1.2815 0 P 0
L 4.442 1.3215 5.316 1.3215 0 P 0
L 4.442 1.353 5.316 1.353 0 P 0
L 4.442 1.384 5.316 1.384 0 P 0
L 4.442 1.439 5.316 1.439 0 P 0
L 4.442 1.471 5.316 1.471 0 P 0
L 4.442684 2.63507 4.442684 3.025316 0 P 0
L 4.442684 2.63507 4.854254 2.2235 0 P 0
L 4.466184 2.644804 4.466184 3.0305 0 P 0
L 4.466184 2.644804 4.863988 2.247 0 P 0
L 4.466184 3.373 4.466184 3.425 0 P 0
L 4.466184 3.373 4.542 3.297184 0 P 0
L 4.474184 2.648118 4.474184 3.27098 0 P 0
L 4.474184 2.648118 4.867302 2.255 0 P 0
L 4.481684 2.651224 4.481684 3.28898 0 P 0
L 4.481684 2.651224 4.870408 2.2625 0 P 0
L 4.495 3.354792 4.495 3.425 0 P 0
L 4.495 3.354792 4.559684 3.290106 0 P 0
L 4.504 3.115684 4.504 3.224 0 P 0
L 4.504 3.115684 4.544684 3.075 0 P 0
L 4.504 3.224 4.524 3.244 0 P 0
L 4.507374 1.778768 4.551926 1.778768 0 P 0
L 4.52 1.802 4.543662 1.802 0 P 0
L 4.542 3.090184 4.542 3.297184 0 P 0
L 4.542 3.090184 4.552184 3.08 0 P 0
L 4.543662 1.802 4.558662 1.817 0 P 0
L 4.544684 2.67732 4.544684 3.075 0 P 0
L 4.544684 2.67732 4.896504 2.3255 0 P 0
L 4.54538 1.604286 4.590158 1.649066 0 P 0
L 4.551926 1.778768 4.590158 1.817 0 P 0
L 4.552184 2.680426 4.552184 3.08 0 P 0
L 4.552184 2.680426 4.89961 2.333 0 P 0
L 4.559684 3.0805 4.559684 3.290106 0 P 0
L 4.559684 3.0805 4.560184 3.08 0 P 0
L 4.559684 3.346444 4.559684 3.425 0 P 0
L 4.559684 3.346444 4.635148 3.27098 0 P 0
L 4.560184 2.68374 4.560184 3.08 0 P 0
L 4.560184 2.68374 4.902924 2.341 0 P 0
L 4.567768 1.591508 4.621654 1.645394 0 P 0
L 4.585684 2.694302 4.585684 3.2365 0 P 0
L 4.585684 2.694302 4.913488 2.3665 0 P 0
L 4.585684 3.2365 4.593184 3.244 0 P 0
L 4.59 3.349184 4.59 3.424 0 P 0
L 4.59 3.349184 4.648734 3.29045 0 P 0
L 4.593184 2.69741 4.593184 3.219 0 P 0
L 4.593184 2.69741 4.916594 2.374 0 P 0
L 4.593184 3.219 4.618184 3.244 0 P 0
L 4.600684 2.700516 4.600684 3.208036 0 P 0
L 4.600684 2.700516 4.9197 2.3815 0 P 0
L 4.600684 3.208036 4.635148 3.2425 0 P 0
L 4.614066 0.787 5.3655 0.787 0 P 0
L 4.617172 0.7795 5.368606 0.7795 0 P 0
L 4.617394 0.739222 5.403012 0.739222 0 P 0
L 4.618184 2.707764 4.618184 3.207036 0 P 0
L 4.618184 2.707764 4.92695 2.399 0 P 0
L 4.618184 3.207036 4.648734 3.237586 0 P 0
L 4.62 0.700222 5.385224 0.700222 0 P 0
L 4.62 0.731222 5.405618 0.731222 0 P 0
L 4.62 0.771722 5.371436 0.771722 0 P 0
L 4.627648 2.711684 4.627648 3.19406 0 P 0
L 4.627648 2.711684 4.932832 2.4065 0 P 0
L 4.627648 3.19406 4.684588 3.251 0 P 0
L 4.635148 2.714792 4.635148 3.171636 0 P 0
L 4.635148 2.714792 4.935938 2.414 0 P 0
L 4.635148 3.171636 4.716588 3.253076 0 P 0
L 4.635148 3.2425 4.635148 3.27098 0 P 0
L 4.648734 2.720418 4.648734 3.157204 0 P 0
L 4.648734 2.720418 4.947652 2.4215 0 P 0
L 4.648734 3.157204 4.74653 3.255 0 P 0
L 4.648734 3.237586 4.648734 3.29045 0 P 0
L 4.654 3.414 4.654 3.428 0 P 0
L 4.654 3.414 4.74653 3.321472 0 P 0
L 4.669234 2.72891 4.669234 3.164234 0 P 0
L 4.669234 2.72891 4.956144 2.442 0 P 0
L 4.669234 3.164234 4.762588 3.257588 0 P 0
L 4.676734 2.732016 4.676734 3.152734 0 P 0
L 4.676734 2.732016 4.95925 2.4495 0 P 0
L 4.676734 3.152734 4.779 3.255 0 P 0
L 4.684588 2.73527 4.684588 3.129462 0 P 0
L 4.684588 2.73527 4.962856 2.457 0 P 0
L 4.684588 3.129462 4.81124 3.256114 0 P 0
L 4.684588 3.411 4.684588 3.425 0 P 0
L 4.684588 3.411 4.762588 3.333 0 P 0
L 4.709088 2.745418 4.709088 3.129088 0 P 0
L 4.709088 2.745418 4.973004 2.4815 0 P 0
L 4.709088 3.129088 4.831 3.251 0 P 0
L 4.716588 2.748524 4.716588 3.120588 0 P 0
L 4.716588 2.748524 4.976112 2.489 0 P 0
L 4.716588 3.120588 4.843 3.247 0 P 0
L 4.72415 1.697374 4.72415 2.0203531 0 P 0
L 4.72415 1.697374 4.830014 1.591508 0 P 0
L 4.73565 1.69648 4.73565 2.028 0 P 0
L 4.73565 1.69648 4.82213 1.61 0 P 0
L 4.74653 2.760926 4.74653 3.132234 0 P 0
L 4.74653 2.760926 4.988514 2.518942 0 P 0
L 4.74653 3.132234 4.870408 3.256114 0 P 0
L 4.74653 3.255 4.74653 3.321472 0 P 0
L 4.754588 2.764264 4.754588 3.119702 0 P 0
L 4.754588 2.764264 4.991852 2.527 0 P 0
L 4.754588 3.119702 4.891 3.256114 0 P 0
L 4.754588 3.425 4.786588 3.393 0 P 0
L 4.7586495 2.0280005 4.75865 2.028 0 P 0
L 4.75865 2.01435 4.75865 2.028 0 P 0
L 4.75865 2.01435 4.838 1.935 0 P 0
L 4.762588 2.767578 4.762588 3.112738 0 P 0
L 4.762588 2.767578 4.995166 2.535 0 P 0
L 4.762588 3.112738 4.902924 3.253076 0 P 0
L 4.762588 3.257588 4.762588 3.333 0 P 0
L 4.781 3.43 4.793 3.43 0 P 0
L 4.786588 3.393 4.801702 3.393 0 P 0
L 4.78943 2.778696 4.78943 3.121506 0 P 0
L 4.78943 2.778696 5.018126 2.55 0 P 0
L 4.78943 3.121506 4.921 3.253076 0 P 0
L 4.793 3.43 4.843 3.38 0 P 0
L 4.801702 2.78378 4.801702 3.119702 0 P 0
L 4.801702 2.78378 5.02798 2.5575 0 P 0
L 4.801702 3.119702 4.937 3.255 0 P 0
L 4.801702 3.393 4.831 3.363702 0 P 0
L 4.81124 2.78773 4.81124 2.885 0 P 0
L 4.81124 2.78773 5.03197 2.567 0 P 0
L 4.81124 2.885 4.962856 3.036616 0 P 0
L 4.81503 2.128806 5.89314 2.128806 0 P 0
L 4.82213 1.61 4.891118 1.61 0 P 0
L 4.830014 2.16498 5.93347 2.16498 0 P 0
L 4.831 3.251 4.831 3.363702 0 P 0
L 4.833122 2.17248 5.858112 2.17248 0 P 0
L 4.836228 2.17998 5.825204 2.17998 0 P 0
L 4.839334 2.18748 5.792602 2.18748 0 P 0
L 4.843 3.247 4.843 3.38 0 P 0
L 4.843 3.543 4.856 3.543 0 P 0
L 4.848042 2.2085 5.8945 2.2085 0 P 0
L 4.851148 2.216 5.863 2.216 0 P 0
L 4.854254 2.2235 5.814104 2.2235 0 P 0
L 4.856 3.543 4.891 3.508 0 P 0
L 4.863988 2.247 5.933 2.247 0 P 0
L 4.867302 2.255 5.901444 2.255 0 P 0
L 4.870408 2.2625 5.83026 2.2625 0 P 0
L 4.873 3.543 4.891 3.543 0 P 0
L 4.891 3.256114 4.891 3.508 0 P 0
L 4.891 3.543 4.921 3.513 0 P 0
L 4.891118 1.61 4.905118 1.624 0 P 0
L 4.896504 2.3255 5.7925 2.3255 0 P 0
L 4.89961 2.333 5.821404 2.333 0 P 0
L 4.902924 2.341 5.891978 2.341 0 P 0
L 4.905 3.554 4.921 3.57 0 P 0
L 4.913488 2.3665 5.827084 2.3665 0 P 0
L 4.916594 2.374 5.858734 2.374 0 P 0
L 4.9197 2.3815 5.8905 2.3815 0 P 0
L 4.921 3.253076 4.921 3.513 0 P 0
L 4.921 3.57 4.937 3.57 0 P 0
L 4.92695 2.399 5.796 2.399 0 P 0
L 4.932832 2.4065 5.827252 2.4065 0 P 0
L 4.935938 2.414 5.859088 2.414 0 P 0
L 4.937 3.57 4.962856 3.544144 0 P 0
L 4.947652 2.4215 5.871976 2.4215 0 P 0
L 4.956144 2.442 5.830714 2.442 0 P 0
L 4.95925 2.4495 5.87746 2.4495 0 P 0
L 4.962856 2.457 5.788062 2.457 0 P 0
L 4.962856 3.036616 4.962856 3.544144 0 P 0
L 4.973004 2.4815 5.910292 2.4815 0 P 0
L 4.976112 2.489 5.781248 2.489 0 P 0
L 4.988514 2.518942 5.819624 2.518942 0 P 0
L 4.991852 2.527 5.825 2.527 0 P 0
L 4.995166 2.535 5.904 2.535 0 P 0
L 5.018126 2.55 5.787918 2.55 0 P 0
L 5.02798 2.5575 5.735184 2.5575 0 P 0
L 5.03197 2.567 5.73125 2.567 0 P 0
L 5.076374 2.613 5.076374 2.614936 0 P 0
L 5.076374 2.614936 5.094438 2.633 0 P 0
L 5.087874 2.613 5.087874 2.614936 0 P 0
L 5.087874 2.614936 5.098438 2.6255 0 P 0
L 5.094438 2.633 5.096242 2.633 0 P 0
L 5.096242 2.633 5.096242 2.790522 0 P 0
L 5.096242 2.790522 5.272786 2.967066 0 P 0
L 5.098438 2.6255 5.099348 2.6255 0 P 0
L 5.099348 2.6255 5.103742 2.629894 0 P 0
L 5.099374 2.613 5.099374 2.614918 0 P 0
L 5.099374 2.614918 5.113754 2.629298 0 P 0
L 5.103742 2.629894 5.103742 2.787414 0 P 0
L 5.103742 2.787414 5.275892 2.959566 0 P 0
L 5.110874 2.612984 5.110874 2.614936 0 P 0
L 5.110874 2.614936 5.121808 2.625868 0 P 0
L 5.113754 2.629298 5.113754 2.78682 0 P 0
L 5.113754 2.78682 5.276488 2.949554 0 P 0
L 5.121808 2.625868 5.121808 2.784266 0 P 0
L 5.121808 2.784266 5.27904 2.9415 0 P 0
L 5.122374 2.613 5.122374 2.614936 0 P 0
L 5.122374 2.614936 5.129308 2.621868 0 P 0
L 5.129308 2.621868 5.129308 2.78116 0 P 0
L 5.129308 2.78116 5.282148 2.934 0 P 0
L 5.133874 2.613 5.133874 2.614936 0 P 0
L 5.133874 2.614936 5.137874 2.618936 0 P 0
L 5.137874 2.618936 5.137874 2.77912 0 P 0
L 5.137874 2.77912 5.284188 2.925434 0 P 0
L 5.145374 2.613 5.145374 2.776014 0 P 0
L 5.145374 2.776014 5.287294 2.917934 0 P 0
L 5.152874 2.618936 5.152874 2.772906 0 P 0
L 5.152874 2.618936 5.156874 2.614936 0 P 0
L 5.152874 2.772906 5.2904 2.910434 0 P 0
L 5.156874 2.613 5.156874 2.614936 0 P 0
L 5.160374 2.622936 5.160374 2.7698 0 P 0
L 5.160374 2.622936 5.168374 2.614936 0 P 0
L 5.160374 2.7698 5.293508 2.902934 0 P 0
L 5.168374 2.613 5.168374 2.614936 0 P 0
L 5.17165 2.62316 5.17165 2.77047 0 P 0
L 5.17165 2.62316 5.179874 2.614936 0 P 0
L 5.17165 2.77047 5.296614 2.895434 0 P 0
L 5.179874 2.613 5.179874 2.614936 0 P 0
L 5.185 2.621308 5.185 2.773214 0 P 0
L 5.185 2.621308 5.193224 2.613084 0 P 0
L 5.185 2.773214 5.296786 2.885 0 P 0
L 5.193224 2.613 5.193224 2.613084 0 P 0
L 5.194304 2.625356 5.194304 2.77191 0 P 0
L 5.194304 2.625356 5.204724 2.614936 0 P 0
L 5.194304 2.77191 5.29809 2.875696 0 P 0
L 5.203 2.62816 5.203 2.77 0 P 0
L 5.203 2.62816 5.216224 2.614936 0 P 0
L 5.203 2.77 5.3 2.867 0 P 0
L 5.204724 2.613 5.204724 2.614936 0 P 0
L 5.216224 2.613 5.216224 2.614936 0 P 0
L 5.272786 2.967066 5.6995 2.967066 0 P 0
L 5.275892 2.959566 5.703178 2.959566 0 P 0
L 5.276488 2.949554 5.708446 2.949554 0 P 0
L 5.27904 2.9415 5.711 2.9415 0 P 0
L 5.282148 2.934 5.853 2.934 0 P 0
L 5.284188 2.925434 5.820818 2.925434 0 P 0
L 5.287294 2.917934 5.79091 2.917934 0 P 0
L 5.2904 2.910434 5.739004 2.910434 0 P 0
L 5.293508 2.902934 5.731504 2.902934 0 P 0
L 5.296614 2.895434 5.727808 2.895434 0 P 0
L 5.296786 2.885 5.727634 2.885 0 P 0
L 5.29809 2.875696 5.72569 2.875696 0 P 0
L 5.3 2.867 5.72378 2.867 0 P 0
L 5.316 0.919 6.414 2.017 0 P 0
L 5.316 0.959 6.374 2.017 0 P 0
L 5.316 0.997882 6.335118 2.017 0 P 0
L 5.316 1.038 6.295 2.017 0 P 0
L 5.316 1.092432 6.240568 2.017 0 P 0
L 5.316 1.117 6.216 2.017 0 P 0
L 5.316 1.163 6.17 2.017 0 P 0
L 5.316 1.203 6.13 2.017 0 P 0
L 5.316 1.235 6.098 2.017 0 P 0
L 5.316 1.2815 6.0515 2.017 0 P 0
L 5.316 1.3215 6.0115 2.017 0 P 0
L 5.316 1.353 5.98 2.017 0 P 0
L 5.316 1.384 5.949 2.017 0 P 0
L 5.316 1.439 5.894 2.017 0 P 0
L 5.316 1.471 5.862 2.017 0 P 0
L 5.317066 1.34346 5.98954 2.015934 0 P 0
L 5.317606 0.95 6.383 2.015394 0 P 0
L 5.318606 0.911 6.422 2.014394 0 P 0
L 5.318606 1.155 6.178 2.014394 0 P 0
L 5.318606 1.195 6.138 2.014394 0 P 0
L 5.318606 1.431 5.902 2.014394 0 P 0
L 5.319106 1.0305 6.3025 2.013894 0 P 0
L 5.319106 1.084932 6.248068 2.013894 0 P 0
L 5.319106 1.2275 6.1055 2.013894 0 P 0
L 5.319106 1.274 6.059 2.013894 0 P 0
L 5.319106 1.314 6.019 2.013894 0 P 0
L 5.321714 1.1875 6.1455 2.011286 0 P 0
L 5.32178 1.077 6.256 2.01122 0 P 0
L 5.322214 1.2665 6.0665 2.010786 0 P 0
L 5.322214 1.3065 6.0265 2.010786 0 P 0
L 5.324388 1.069 6.264 2.008612 0 P 0
L 5.3655 0.787 5.4265 0.848 0 P 0
L 5.368606 0.7795 5.434 0.844894 0 P 0
L 5.371436 0.771722 5.4415 0.841786 0 P 0
L 5.385224 0.700222 5.5255 0.840496 0 P 0
L 5.403012 0.739222 5.5105 0.84671 0 P 0
L 5.405618 0.731222 5.518 0.843604 0 P 0
L 5.4265 0.848 5.4265 0.881504 0 P 0
L 5.4265 0.881504 5.455496 0.9105 0 P 0
L 5.434 0.844894 5.434 0.878396 0 P 0
L 5.434 0.878396 5.458602 0.903 0 P 0
L 5.4415 0.841786 5.4415 0.87529 0 P 0
L 5.4415 0.87529 5.46171 0.8955 0 P 0
L 5.455496 0.9105 5.489 0.9105 0 P 0
L 5.458602 0.903 5.492106 0.903 0 P 0
L 5.46171 0.8955 5.495214 0.8955 0 P 0
L 5.489 0.9105 6.6025 2.024 0 P 0
L 5.492106 0.903 6.61 2.020894 0 P 0
L 5.495214 0.8955 6.6175 2.017786 0 P 0
L 5.5105 0.84671 5.5105 0.8865 0 P 0
L 5.5105 0.8865 6.65 2.026 0 P 0
L 5.518 0.843604 5.518 0.883394 0 P 0
L 5.518 0.883394 6.658 2.023394 0 P 0
L 5.5255 0.840496 5.5255 0.8625 0 P 0
L 5.5255 0.8625 6.689 2.026 0 P 0
L 5.6995 2.967066 5.708446 2.976012 0 P 0
L 5.703178 2.959566 5.746684 3.003072 0 P 0
L 5.708446 2.949554 5.722894 2.964 0 P 0
L 5.708446 2.976012 5.708446 2.994058 0 P 0
L 5.708446 2.994058 5.757 3.042612 0 P 0
L 5.711 2.9415 5.723998 2.954498 0 P 0
L 5.722894 2.964 5.903 2.964 0 P 0
L 5.72378 2.867 5.754146 2.836634 0 P 0
L 5.723998 2.954498 5.793502 2.954498 0 P 0
L 5.72569 2.875696 5.757252 2.844134 0 P 0
L 5.727634 2.885 5.761 2.851634 0 P 0
L 5.727808 2.895434 5.746242 2.877 0 P 0
L 5.731504 2.902934 5.749438 2.885 0 P 0
L 5.735184 2.5575 5.746684 2.569 0 P 0
L 5.739004 2.910434 5.756938 2.8925 0 P 0
L 5.746242 2.877 5.871324 2.877 0 P 0
L 5.746684 2.569 5.859942 2.569 0 P 0
L 5.746684 3.003072 5.901928 3.003072 0 P 0
L 5.749438 2.885 5.902 2.885 0 P 0
L 5.754146 2.836634 5.909136 2.836634 0 P 0
L 5.756938 2.8925 5.9485 2.8925 0 P 0
L 5.757 3.042612 5.757 3.043 0 P 0
L 5.757 3.043 5.862 3.043 0 P 0
L 5.757252 2.844134 5.941552 2.844134 0 P 0
L 5.761 2.851634 5.82622 2.851634 0 P 0
L 5.781248 2.489 5.80169 2.509442 0 P 0
L 5.787918 2.55 5.798576 2.560658 0 P 0
L 5.788062 2.457 5.80169 2.470628 0 P 0
L 5.79091 2.917934 5.803 2.905844 0 P 0
L 5.7925 2.3255 5.803 2.315 0 P 0
L 5.792602 2.18748 5.799168 2.194046 0 P 0
L 5.793502 2.954498 5.803 2.945 0 P 0
L 5.796 2.399 5.803 2.392 0 P 0
L 5.798576 2.560658 5.93042 2.560658 0 P 0
L 5.799168 2.194046 5.801906 2.194046 0 P 0
L 5.801906 2.194046 5.802672 2.19481 0 P 0
L 5.814104 2.2235 5.825564 2.23496 0 P 0
L 5.819624 2.518942 5.837066 2.5015 0 P 0
L 5.820818 2.925434 5.841 2.90525 0 P 0
L 5.821404 2.333 5.841584 2.31282 0 P 0
L 5.825 2.527 5.841 2.511 0 P 0
L 5.825204 2.17998 5.841 2.195776 0 P 0
L 5.825564 2.23496 5.841584 2.23496 0 P 0
L 5.82622 2.851634 5.841584 2.867 0 P 0
L 5.827084 2.3665 5.841584 2.352 0 P 0
L 5.827252 2.4065 5.841622 2.39213 0 P 0
L 5.83026 2.2625 5.841584 2.273824 0 P 0
L 5.830714 2.442 5.841584 2.43113 0 P 0
L 5.837066 2.5015 5.87339 2.5015 0 P 0
L 5.847 3.932 5.933 3.846 0 P 0
L 5.847 3.971 5.972 3.846 0 P 0
L 5.847 4.01 6.011 3.846 0 P 0
L 5.847 4.05 6.051 3.846 0 P 0
L 5.847 4.089 6.09 3.846 0 P 0
L 5.847 4.129 6.13 3.846 0 P 0
L 5.847 4.169 6.17 3.846 0 P 0
L 5.847 4.2055 6.2065 3.846 0 P 0
L 5.847 4.255 6.256 3.846 0 P 0
L 5.847 4.284 6.285 3.846 0 P 0
L 5.847 4.324618 6.325618 3.846 0 P 0
L 5.847 4.373 6.374 3.846 0 P 0
L 5.847 4.403 6.404 3.846 0 P 0
L 5.847 4.4415 6.4425 3.846 0 P 0
L 5.847 4.482 6.483 3.846 0 P 0
L 5.847 4.521 6.522 3.846 0 P 0
L 5.847 4.57 6.571 3.846 0 P 0
L 5.847 4.6 6.601 3.846 0 P 0
L 5.847106 4.452 6.453 3.846106 0 P 0
L 5.847606 4.294 6.295 3.846606 0 P 0
L 5.847606 4.413 6.414 3.846606 0 P 0
L 5.848106 4.215 6.216 3.847106 0 P 0
L 5.848106 4.334118 6.335118 3.847106 0 P 0
L 5.848606 4.382 6.383 3.847606 0 P 0
L 5.848606 4.491 6.492 3.847606 0 P 0
L 5.848606 4.53 6.531 3.847606 0 P 0
L 5.848606 4.609 6.61 3.847606 0 P 0
L 5.849606 3.94 5.941 3.848606 0 P 0
L 5.849606 3.979 5.98 3.848606 0 P 0
L 5.849606 4.018 6.019 3.848606 0 P 0
L 5.849606 4.058 6.059 3.848606 0 P 0
L 5.849606 4.097 6.098 3.848606 0 P 0
L 5.849606 4.137 6.138 3.848606 0 P 0
L 5.849606 4.177 6.178 3.848606 0 P 0
L 5.849606 4.263 6.264 3.848606 0 P 0
L 5.849824 4.353614 6.354614 3.848824 0 P 0
L 5.84983 4.343 6.344 3.84883 0 P 0
L 5.850106 4.5775 6.5785 3.849106 0 P 0
L 5.850214 4.421 6.422 3.849214 0 P 0
L 5.851214 4.499 6.5 3.850214 0 P 0
L 5.852714 3.9085 5.9095 3.851714 0 P 0
L 5.852714 4.0255 6.0265 3.851714 0 P 0
L 5.852714 4.0655 6.0665 3.851714 0 P 0
L 5.852714 4.1045 6.1055 3.851714 0 P 0
L 5.852714 4.1445 6.1455 3.851714 0 P 0
L 5.853 2.934 5.882 2.905 0 P 0
L 5.858112 2.17248 5.880666 2.195034 0 P 0
L 5.858734 2.374 5.880734 2.352 0 P 0
L 5.859088 2.414 5.881324 2.391764 0 P 0
L 5.859942 2.569 5.880942 2.59 0 P 0
L 5.862 2.017 5.862 2.057 0 P 0
L 5.862 2.057 5.882 2.077 0 P 0
L 5.862 3.043 5.881236 3.023764 0 P 0
L 5.863 2.216 5.882 2.235 0 P 0
L 5.871324 2.877 5.881324 2.867 0 P 0
L 5.871976 2.4215 5.882 2.431524 0 P 0
L 5.87339 2.5015 5.881926 2.510036 0 P 0
L 5.87746 2.4495 5.895436 2.431524 0 P 0
L 5.88078 2.7485 5.880942 2.7485 0 P 0
L 5.881236 3.023 5.881236 3.023764 0 P 0
L 5.881926 2.510036 5.919334 2.510036 0 P 0
L 5.8905 2.3815 5.92 2.352 0 P 0
L 5.891978 2.341 5.92 2.312978 0 P 0
L 5.89314 2.128806 5.919334 2.155 0 P 0
L 5.894 2.017 5.894 2.089148 0 P 0
L 5.894 2.089148 5.921 2.116148 0 P 0
L 5.8945 2.2085 5.921 2.235 0 P 0
L 5.895436 2.431524 5.919964 2.431524 0 P 0
L 5.901444 2.255 5.92 2.273556 0 P 0
L 5.901928 3.003072 5.92 2.985 0 P 0
L 5.902 2.014394 5.902 2.058 0 P 0
L 5.902 2.058 5.921 2.077 0 P 0
L 5.902 2.885 5.92 2.867 0 P 0
L 5.903 2.964 5.92 2.947 0 P 0
L 5.904 2.535 5.906 2.537 0 P 0
L 5.906 2.537 5.906 2.537158 0 P 0
L 5.906 2.537158 5.92 2.551158 0 P 0
L 5.909136 2.836634 5.92 2.82577 0 P 0
L 5.9095 3.0335 5.9095 3.0635 0 P 0
L 5.9095 3.0335 5.92 3.023 0 P 0
L 5.9095 3.0635 5.923736 3.077736 0 P 0
L 5.9095 3.188838 5.9095 3.851714 0 P 0
L 5.9095 3.188838 5.931236 3.167102 0 P 0
L 5.910292 2.4815 5.919334 2.472458 0 P 0
L 5.923736 3.077736 5.923736 3.126052 0 P 0
L 5.923736 3.126052 5.931236 3.133552 0 P 0
L 5.93042 2.560658 5.959762 2.59 0 P 0
L 5.931236 3.133552 5.931236 3.167102 0 P 0
L 5.933 2.247 5.959424 2.273424 0 P 0
L 5.933 2.975 5.933 3.124708 0 P 0
L 5.933 2.975 5.961 2.947 0 P 0
L 5.933 3.124708 5.938736 3.130444 0 P 0
L 5.933 3.175946 5.933 3.846 0 P 0
L 5.933 3.175946 5.938736 3.17021 0 P 0
L 5.93347 2.16498 5.959632 2.191142 0 P 0
L 5.938736 3.130444 5.938736 3.17021 0 P 0
L 5.941 3.004538 5.941 3.064 0 P 0
L 5.941 3.004538 5.960538 2.985 0 P 0
L 5.941 3.064 5.946236 3.069236 0 P 0
L 5.941 3.178552 5.941 3.848606 0 P 0
L 5.941 3.178552 5.946236 3.173316 0 P 0
L 5.941552 2.844134 5.960538 2.82515 0 P 0
L 5.946236 3.069236 5.946236 3.173316 0 P 0
L 5.9485 2.8925 5.961 2.905 0 P 0
L 5.949 2.017 5.949 2.142 0 P 0
L 5.949 2.142 5.962 2.155 0 P 0
L 5.95882 2.116148 5.98 2.094968 0 P 0
L 5.959424 2.273424 5.959762 2.273424 0 P 0
L 5.972 2.934 5.972 3.846 0 P 0
L 5.972 2.934 6.001 2.905 0 P 0
L 5.98 2.017 5.98 2.094968 0 P 0
L 5.98 3.005208 5.98 3.848606 0 P 0
L 5.98 3.005208 6.000188 2.98502 0 P 0
L 5.98954 2.015934 5.98954 2.18179 0 P 0
L 5.98954 2.18179 5.998892 2.191142 0 P 0
L 6.000984 2.115704 6.0115 2.105188 0 P 0
L 6.011 2.959566 6.011 3.846 0 P 0
L 6.011 2.959566 6.038908 2.931658 0 P 0
L 6.0115 2.017 6.0115 2.105188 0 P 0
L 6.019 2.013894 6.019 2.171714 0 P 0
L 6.019 2.171714 6.038428 2.191142 0 P 0
L 6.019 3.004 6.019 3.848606 0 P 0
L 6.019 3.004 6.039 2.984 0 P 0
L 6.0265 2.010786 6.0265 2.104588 0 P 0
L 6.0265 2.104588 6.037616 2.115704 0 P 0
L 6.0265 3.036204 6.0265 3.851714 0 P 0
L 6.0265 3.036204 6.039 3.023704 0 P 0
L 6.038908 2.905 6.038908 2.931658 0 P 0
L 6.039364 2.077 6.0515 2.064864 0 P 0
L 6.051 2.932 6.051 3.846 0 P 0
L 6.051 2.932 6.078 2.905 0 P 0
L 6.0515 2.017 6.0515 2.064864 0 P 0
L 6.059 2.013894 6.059 2.171186 0 P 0
L 6.059 2.171186 6.078956 2.191142 0 P 0
L 6.059 2.964 6.059 3.848606 0 P 0
L 6.059 2.964 6.078 2.945 0 P 0
L 6.0665 2.010786 6.0665 2.142544 0 P 0
L 6.0665 2.142544 6.078956 2.155 0 P 0
L 6.0665 2.995574 6.0665 3.851714 0 P 0
L 6.0665 2.995574 6.078 2.984074 0 P 0
L 6.078 2.115512 6.098 2.095512 0 P 0
L 6.09 2.972818 6.09 3.846 0 P 0
L 6.09 2.972818 6.117818 2.945 0 P 0
L 6.098 2.017 6.098 2.095512 0 P 0
L 6.098 3.00565 6.098 3.848606 0 P 0
L 6.098 3.00565 6.11863 2.98502 0 P 0
L 6.1055 2.013894 6.1055 2.143418 0 P 0
L 6.1055 2.143418 6.11684 2.154758 0 P 0
L 6.1055 3.036 6.1055 3.851714 0 P 0
L 6.1055 3.036 6.1185 3.023 0 P 0
L 6.116634 2.076446 6.13 2.06308 0 P 0
L 6.116634 2.115704 6.138 2.094338 0 P 0
L 6.13 2.017 6.13 2.06308 0 P 0
L 6.13 2.93285 6.13 3.846 0 P 0
L 6.13 2.93285 6.156944 2.905904 0 P 0
L 6.138 2.014394 6.138 2.094338 0 P 0
L 6.138 2.964 6.138 3.848606 0 P 0
L 6.138 2.964 6.157 2.945 0 P 0
L 6.1455 2.011286 6.1455 2.179642 0 P 0
L 6.1455 2.179642 6.157 2.191142 0 P 0
L 6.1455 2.9955 6.1455 3.851714 0 P 0
L 6.1455 2.9955 6.157 2.984 0 P 0
L 6.156288 2.117 6.17 2.103288 0 P 0
L 6.156288 2.154758 6.178 2.133046 0 P 0
L 6.17 2.017 6.17 2.103288 0 P 0
L 6.17 2.931812 6.17 3.846 0 P 0
L 6.17 2.931812 6.196812 2.905 0 P 0
L 6.178 2.014394 6.178 2.133046 0 P 0
L 6.178 3.041704 6.178 3.848606 0 P 0
L 6.178 3.041704 6.196 3.023704 0 P 0
L 6.196148 2.19481 6.225978 2.16498 0 P 0
L 6.196812 2.076336 6.216 2.057146 0 P 0
L 6.2065 3.0525 6.2065 3.846 0 P 0
L 6.2065 3.0525 6.236 3.023 0 P 0
L 6.216 2.017 6.216 2.057146 0 P 0
L 6.216 3.061 6.216 3.847106 0 P 0
L 6.216 3.061 6.2455 3.0315 0 P 0
L 6.225978 2.100396 6.225978 2.16498 0 P 0
L 6.225978 2.100396 6.248068 2.078306 0 P 0
L 6.2265 2.941568 6.2265 2.987936 0 P 0
L 6.2265 2.941568 6.236 2.932068 0 P 0
L 6.2265 2.987936 6.2455 3.006936 0 P 0
L 6.235478 2.154758 6.264 2.126236 0 P 0
L 6.235938 2.077 6.236704 2.076234 0 P 0
L 6.236 2.905 6.236 2.932068 0 P 0
L 6.236 2.984 6.256 3.004 0 P 0
L 6.236504 2.117 6.256 2.097504 0 P 0
L 6.236504 2.945 6.264 2.972496 0 P 0
L 6.236704 2.076234 6.238224 2.076234 0 P 0
L 6.238224 2.076234 6.240568 2.073892 0 P 0
L 6.240568 2.017 6.240568 2.073892 0 P 0
L 6.2455 3.006936 6.2455 3.0315 0 P 0
L 6.248068 2.013894 6.248068 2.078306 0 P 0
L 6.256 2.01122 6.256 2.097504 0 P 0
L 6.256 3.004 6.256 3.846 0 P 0
L 6.264 2.008612 6.264 2.126236 0 P 0
L 6.264 2.972496 6.264 3.848606 0 P 0
L 6.285 2.996758 6.285 3.846 0 P 0
L 6.285 2.996758 6.31587 2.965888 0 P 0
L 6.295 2.017 6.295 2.096224 0 P 0
L 6.295 2.096224 6.315776 2.117 0 P 0
L 6.295 3.004 6.295 3.846606 0 P 0
L 6.295 3.004 6.316 2.983 0 P 0
L 6.3025 2.013894 6.3025 2.077602 0 P 0
L 6.3025 2.077602 6.325276 2.100378 0 P 0
L 6.3065 3.006106 6.3065 3.027788 0 P 0
L 6.3065 3.006106 6.3255 2.987106 0 P 0
L 6.3065 3.027788 6.325618 3.046904 0 P 0
L 6.315332 2.07612 6.315332 2.077 0 P 0
L 6.315332 2.07612 6.335118 2.056336 0 P 0
L 6.315332 2.138342 6.315332 2.154758 0 P 0
L 6.315332 2.138342 6.325276 2.128398 0 P 0
L 6.31587 2.944564 6.31587 2.965888 0 P 0
L 6.316 3.023852 6.335118 3.04297 0 P 0
L 6.316114 2.905 6.316114 2.931374 0 P 0
L 6.316114 2.931374 6.3255 2.940758 0 P 0
L 6.325276 2.100378 6.325276 2.128398 0 P 0
L 6.3255 2.940758 6.3255 2.987106 0 P 0
L 6.325618 3.046904 6.325618 3.846 0 P 0
L 6.335118 2.017 6.335118 2.056336 0 P 0
L 6.335118 3.04297 6.335118 3.847106 0 P 0
L 6.344 2.915 6.344 3.84883 0 P 0
L 6.344 2.915 6.35375 2.90525 0 P 0
L 6.35375 2.90525 6.354 2.90525 0 P 0
L 6.354 2.076336 6.374 2.056336 0 P 0
L 6.354 2.905 6.354 2.90525 0 P 0
L 6.354614 3.023314 6.354614 3.848824 0 P 0
L 6.355846 2.191142 6.383 2.163988 0 P 0
L 6.374 2.017 6.374 2.056336 0 P 0
L 6.374 2.964622 6.374 3.846 0 P 0
L 6.374 2.964622 6.394058 2.944564 0 P 0
L 6.383 2.015394 6.383 2.163988 0 P 0
L 6.383 2.994058 6.383 3.847606 0 P 0
L 6.383 2.994058 6.394058 2.983 0 P 0
L 6.394 2.15557 6.422 2.12757 0 P 0
L 6.39424 2.905 6.39424 2.90524 0 P 0
L 6.39424 2.90524 6.404 2.915 0 P 0
L 6.39463 2.116462 6.39463 2.117 0 P 0
L 6.39463 2.116462 6.414 2.097092 0 P 0
L 6.404 2.915 6.404 3.846 0 P 0
L 6.414 2.017 6.414 2.097092 0 P 0
L 6.414 3.002 6.414 3.846606 0 P 0
L 6.414 3.002 6.433 2.983 0 P 0
L 6.422 2.014394 6.422 2.12757 0 P 0
L 6.422 3.034852 6.422 3.849214 0 P 0
L 6.422 3.034852 6.433 3.023852 0 P 0
L 6.433 2.944564 6.4425 2.954064 0 P 0
L 6.434548 2.115452 6.434548 2.115484 0 P 0
L 6.4425 2.954064 6.4425 3.846 0 P 0
L 6.453 3.003072 6.453 3.846106 0 P 0
L 6.453 3.003072 6.473 2.983072 0 P 0
L 6.473356 2.944564 6.483 2.954208 0 P 0
L 6.483 2.954208 6.483 3.846 0 P 0
L 6.492 2.925434 6.492 3.847606 0 P 0
L 6.492 2.925434 6.512434 2.905 0 P 0
L 6.5 3.035444 6.5 3.850214 0 P 0
L 6.5 3.035444 6.512 3.023444 0 P 0
L 6.51157 2.11643 6.51157 2.117 0 P 0
L 6.512 2.983202 6.512 2.984058 0 P 0
L 6.512 2.984058 6.522 2.994058 0 P 0
L 6.522 2.994058 6.522 3.846 0 P 0
L 6.531 3.004074 6.531 3.847606 0 P 0
L 6.531 3.004074 6.551 2.984074 0 P 0
L 6.55297 2.191142 6.5785 2.165614 0 P 0
L 6.556 1.998 6.5785 2.0205 0 P 0
L 6.571 2.965 6.571 3.846 0 P 0
L 6.571 2.965 6.591 2.945 0 P 0
L 6.5785 2.0205 6.5785 2.165614 0 P 0
L 6.5785 2.9955 6.5785 3.849106 0 P 0
L 6.5785 2.9955 6.591 2.983 0 P 0
L 6.591 2.195776 6.6175 2.169276 0 P 0
L 6.591 2.905 6.601 2.915 0 P 0
L 6.591902 2.115772 6.591902 2.116854 0 P 0
L 6.591902 2.116854 6.6025 2.106254 0 P 0
L 6.591902 2.154758 6.61 2.13666 0 P 0
L 6.601 2.915 6.601 3.846 0 P 0
L 6.6025 2.024 6.6025 2.106254 0 P 0
L 6.61 2.020894 6.61 2.13666 0 P 0
L 6.61 3.004298 6.61 3.847606 0 P 0
L 6.61 3.004298 6.63 2.984298 0 P 0
L 6.6175 2.017786 6.6175 2.169276 0 P 0
L 6.63 2.117 6.65 2.097 0 P 0
L 6.631072 2.154758 6.658 2.12783 0 P 0
L 6.65 2.026 6.65 2.097 0 P 0
L 6.658 2.023394 6.658 2.12783 0 P 0
L 6.67 2.194744 6.689 2.175744 0 P 0
L 6.681 1.772 7.688584 1.772 0 P 0
L 6.681 1.7835 7.689478 1.7835 0 P 0
L 6.681 1.795 7.690372 1.795 0 P 0
L 6.681 1.819 7.682626 1.819 0 P 0
L 6.681 1.8305 7.681324 1.8305 0 P 0
L 6.681 1.842 7.68151 1.842 0 P 0
L 6.681 1.8655 7.671776 1.8655 0 P 0
L 6.681 1.877 7.67267 1.877 0 P 0
L 6.681 1.8885 7.673562 1.8885 0 P 0
L 6.681 1.914 7.663 1.914 0 P 0
L 6.689 2.026 6.689 2.175744 0 P 0
L 6.876 0.161 6.876 0.406 1 P 0
L 6.876 0.406 7.202 0.732 1 P 0
L 7.198 1.235726 7.202 1.231726 1 P 0
L 7.202 0.732 7.202 1.231726 1 P 0
L 7.663 1.914 7.963 2.214 0 P 0
L 7.671776 1.8655 8.0035 2.197224 0 P 0
L 7.67267 1.877 7.996 2.200332 0 P 0
L 7.673562 1.8885 7.9885 2.203438 0 P 0
L 7.681324 1.8305 7.942352 2.091528 0 P 0
L 7.68151 1.842 8.027 2.18749 0 P 0
L 7.682626 1.819 7.947654 2.084028 0 P 0
L 7.688584 1.772 7.896398 1.979814 0 P 0
L 7.689478 1.7835 7.893292 1.987314 0 P 0
L 7.690372 1.795 7.890186 1.994814 0 P 0
L 7.890186 1.994814 8.320186 1.994814 0 P 0
L 7.893292 1.987314 8.238292 1.987314 0 P 0
L 7.896398 1.979814 8.235186 1.979814 0 P 0
L 7.942352 2.091528 8.423472 2.091528 0 P 0
L 7.947654 2.084028 8.379094 2.084028 0 P 0
L 7.963 2.214 7.963 2.907 0 P 0
L 7.963 2.907 8.035 2.979 0 P 0
L 7.9885 2.203438 7.9885 2.913214 0 P 0
L 7.9885 2.913214 8.028786 2.9535 0 P 0
L 7.996 2.200332 7.996 2.910106 0 P 0
L 7.996 2.910106 8.031894 2.946 0 P 0
L 8.0035 2.197224 8.0035 2.907 0 P 0
L 8.0035 2.907 8.035 2.9385 0 P 0
L 8.027 2.18749 8.027 2.907 0 P 0
L 8.027 2.907 8.035 2.915 0 P 0
L 8.028786 2.9535 8.195 2.9535 0 P 0
L 8.031894 2.946 8.245 2.946 0 P 0
L 8.035 2.915 8.242534 2.915 0 P 0
L 8.035 2.9385 8.2865 2.9385 0 P 0
L 8.035 2.979 8.195 2.979 0 P 0
L 8.195 2.9535 8.338528 3.097028 0 P 0
L 8.195 2.979 8.322 3.106 0 P 0
L 8.235186 1.979814 8.365 1.85 0 P 0
L 8.238292 1.987314 8.309634 1.915972 0 P 0
L 8.242534 2.915 8.328562 2.828972 0 P 0
L 8.245 2.946 8.362 3.063 0 P 0
L 8.2865 2.9385 8.362 2.863 0 P 0
L 8.309634 1.915972 8.379094 1.915972 0 P 0
L 8.320186 1.994814 8.365 1.95 0 P 0
L 8.322 3.106 8.495 3.106 0 P 0
L 8.328562 2.828972 8.395972 2.828972 0 P 0
L 8.338528 3.097028 8.38049 3.097028 0 P 0
L 8.362 2.963 8.404 2.921 0 P 0
L 8.365 2.05 8.399028 2.015972 0 P 0
L 8.379094 1.915972 8.399028 1.935906 0 P 0
L 8.379094 2.084028 8.41678 2.046342 0 P 0
L 8.38049 3.097028 8.414518 3.063 0 P 0
L 8.395972 2.828972 8.404 2.837 0 P 0
L 8.399028 1.935906 8.399028 2.015972 0 P 0
L 8.404 2.837 8.404 2.921 0 P 0
L 8.414518 3.063 8.462 3.063 0 P 0
L 8.41678 1.99822 8.41678 2.046342 0 P 0
L 8.41678 1.99822 8.465 1.95 0 P 0
L 8.423472 2.091528 8.465 2.05 0 P 0
L 8.462 2.963 8.52 3.021 0 P 0
L 8.495 3.106 8.52 3.081 0 P 0
L 8.52 3.021 8.52 3.081 0 P 0
P 2.784 0.254 3 P 0 0 ;0=1,1=0
P 3.75 0.251 4 P 0 0 ;0=2,1=0
P 3.85 0.251 4 P 0 0 ;0=2,1=0
P 3.95 0.251 4 P 0 0 ;0=2,1=0
P 4.05 0.251 4 P 0 0 ;0=2,1=0
P 4.15 0.251 4 P 0 0 ;0=2,1=0
P 6.876 0.161 2 P 0 0 ;0=0,1=0
P 8.362 2.863 4 P 0 0 ;0=2,1=0
P 8.362 2.963 4 P 0 0 ;0=2,1=0
P 8.362 3.063 4 P 0 0 ;0=2,1=0
P 8.365 1.85 4 P 0 0 ;0=2,1=0
P 8.365 1.95 4 P 0 0 ;0=2,1=0
P 8.365 2.05 4 P 0 0 ;0=2,1=0
P 8.462 2.963 4 P 0 0 ;0=2,1=0
P 8.462 3.063 4 P 0 0 ;0=2,1=0
P 8.465 1.95 4 P 0 0 ;0=2,1=0
P 8.465 2.05 4 P 0 0 ;0=2,1=0
P 0.865 0.653 1 P 0 0 ;0=3,1=1
P 0.8655941 0.855 1 P 0 0 ;0=3,1=1
P 1.039788 1.1160433 1 P 0 0 ;0=3,1=1
P 1.335 0.82 1 P 0 0 ;0=3,1=1
P 2.857 3.574 1 P 0 0 ;0=3,1=1
P 2.889 3.574 1 P 0 0 ;0=3,1=1
P 2.95 3.574 1 P 0 0 ;0=3,1=1
P 2.983 3.574 1 P 0 0 ;0=3,1=1
P 3.046 3.574 1 P 0 0 ;0=3,1=1
P 3.076 3.574 1 P 0 0 ;0=3,1=1
P 3.138 3.581 1 P 0 0 ;0=3,1=1
P 3.171 3.562 1 P 0 0 ;0=3,1=1
P 3.235 3.562 1 P 0 0 ;0=3,1=1
P 3.267 3.38 1 P 0 0 ;0=3,1=1
P 3.267 3.562 1 P 0 0 ;0=3,1=1
P 3.298 3.38 1 P 0 0 ;0=3,1=1
P 3.331 3.548 1 P 0 0 ;0=3,1=1
P 3.361 3.376 1 P 0 0 ;0=3,1=1
P 3.361 3.548 1 P 0 0 ;0=3,1=1
P 3.393 3.376 1 P 0 0 ;0=3,1=1
P 3.423 3.548 1 P 0 0 ;0=3,1=1
P 3.456 3.37 1 P 0 0 ;0=3,1=1
P 3.456 3.547 1 P 0 0 ;0=3,1=1
P 3.488 3.373 1 P 0 0 ;0=3,1=1
P 3.519 3.551 1 P 0 0 ;0=3,1=1
P 3.55 3.373 1 P 0 0 ;0=3,1=1
P 3.55 3.551 1 P 0 0 ;0=3,1=1
P 3.582 3.374 1 P 0 0 ;0=3,1=1
P 3.612 3.553 1 P 0 0 ;0=3,1=1
P 3.627 3.387 1 P 0 0 ;0=3,1=1
P 3.6425 3.553 1 P 0 0 ;0=3,1=1
P 3.671 3.37 1 P 0 0 ;0=3,1=1
P 3.7035 3.547 1 P 0 0 ;0=3,1=1
P 3.7435 3.548 1 P 0 0 ;0=3,1=1
P 3.798 3.547 1 P 0 0 ;0=3,1=1
P 3.804 1.817 1 P 0 0 ;0=3,1=1
P 3.826 1.635 1 P 0 0 ;0=3,1=1
P 3.83 3.547 1 P 0 0 ;0=3,1=1
P 3.834252 1.805 1 P 0 0 ;0=3,1=1
P 3.859 1.638 1 P 0 0 ;0=3,1=1
P 3.897244 1.805 1 P 0 0 ;0=3,1=1
P 3.898 3.547 1 P 0 0 ;0=3,1=1
P 3.927 3.376 1 P 0 0 ;0=3,1=1
P 3.927 3.547 1 P 0 0 ;0=3,1=1
P 3.928 1.805 1 P 0 0 ;0=3,1=1
P 3.92874 1.635 1 P 0 0 ;0=3,1=1
P 3.958 3.38 1 P 0 0 ;0=3,1=1
P 3.959 1.638 1 P 0 0 ;0=3,1=1
P 3.991 3.551 1 P 0 0 ;0=3,1=1
P 3.991732 1.802 1 P 0 0 ;0=3,1=1
P 4.023438 3.374114 1 P 0 0 ;0=3,1=1
P 4.023438 3.548 1 P 0 0 ;0=3,1=1
P 4.024 1.647 1 P 0 0 ;0=3,1=1
P 4.024 1.805 1 P 0 0 ;0=3,1=1
P 4.053 3.371082 1 P 0 0 ;0=3,1=1
P 4.054724 1.657 1 P 0 0 ;0=3,1=1
P 4.083 3.551 1 P 0 0 ;0=3,1=1
P 4.085 1.805 1 P 0 0 ;0=3,1=1
P 4.114286 3.38 1 P 0 0 ;0=3,1=1
P 4.116286 3.551 1 P 0 0 ;0=3,1=1
P 4.1175 1.647 1 P 0 0 ;0=3,1=1
P 4.117716 1.802 1 P 0 0 ;0=3,1=1
P 4.149212 1.643252 1 P 0 0 ;0=3,1=1
P 4.15 3.376 1 P 0 0 ;0=3,1=1
P 4.180708 1.802 1 P 0 0 ;0=3,1=1
P 4.182 3.425 1 P 0 0 ;0=3,1=1
P 4.21 3.377 1 P 0 0 ;0=3,1=1
P 4.212204 1.658 1 P 0 0 ;0=3,1=1
P 4.212204 1.805 1 P 0 0 ;0=3,1=1
P 4.213 3.425 1 P 0 0 ;0=3,1=1
P 4.2437 1.647 1 P 0 0 ;0=3,1=1
P 4.244 3.235 1 P 0 0 ;0=3,1=1
P 4.274 1.817 1 P 0 0 ;0=3,1=1
P 4.276 3.425 1 P 0 0 ;0=3,1=1
P 4.306 3.242 1 P 0 0 ;0=3,1=1
P 4.306 3.425 1 P 0 0 ;0=3,1=1
P 4.306222 1.647 1 P 0 0 ;0=3,1=1
P 4.306692 1.817 1 P 0 0 ;0=3,1=1
P 4.337 3.242 1 P 0 0 ;0=3,1=1
P 4.338436 1.645394 1 P 0 0 ;0=3,1=1
P 4.37 1.808 1 P 0 0 ;0=3,1=1
P 4.371 3.425 1 P 0 0 ;0=3,1=1
P 4.384164 1.63217 1 P 0 0 ;0=3,1=1
P 4.401 3.235 1 P 0 0 ;0=3,1=1
P 4.401 3.425 1 P 0 0 ;0=3,1=1
P 4.432678 1.647 1 P 0 0 ;0=3,1=1
P 4.433 3.235 1 P 0 0 ;0=3,1=1
P 4.466184 3.425 1 P 0 0 ;0=3,1=1
P 4.495 3.425 1 P 0 0 ;0=3,1=1
P 4.524 3.244 1 P 0 0 ;0=3,1=1
P 4.558662 1.817 1 P 0 0 ;0=3,1=1
P 4.559684 3.425 1 P 0 0 ;0=3,1=1
P 4.59 3.424 1 P 0 0 ;0=3,1=1
P 4.590158 1.649066 1 P 0 0 ;0=3,1=1
P 4.590158 1.817 1 P 0 0 ;0=3,1=1
P 4.593184 3.244 1 P 0 0 ;0=3,1=1
P 4.618184 3.244 1 P 0 0 ;0=3,1=1
P 4.621654 1.645394 1 P 0 0 ;0=3,1=1
P 4.654 3.428 1 P 0 0 ;0=3,1=1
P 4.684588 3.251 1 P 0 0 ;0=3,1=1
P 4.684588 3.425 1 P 0 0 ;0=3,1=1
P 4.716588 3.253076 1 P 0 0 ;0=3,1=1
P 4.72415 2.0203531 1 P 0 0 ;0=3,1=1
P 4.73565 2.028 1 P 0 0 ;0=3,1=1
P 4.754588 3.425 1 P 0 0 ;0=3,1=1
P 4.7586495 2.0280005 1 P 0 0 ;0=3,1=1
P 4.779 3.255 1 P 0 0 ;0=3,1=1
P 4.781 3.43 1 P 0 0 ;0=3,1=1
P 4.81124 3.256114 1 P 0 0 ;0=3,1=1
P 4.830014 1.591508 1 P 0 0 ;0=3,1=1
P 4.838 1.935 1 P 0 0 ;0=3,1=1
P 4.843 3.543 1 P 0 0 ;0=3,1=1
P 4.870408 3.256114 1 P 0 0 ;0=3,1=1
P 4.873 3.543 1 P 0 0 ;0=3,1=1
P 4.902924 3.253076 1 P 0 0 ;0=3,1=1
P 4.905 3.554 1 P 0 0 ;0=3,1=1
P 4.905118 1.624 1 P 0 0 ;0=3,1=1
P 4.937 3.255 1 P 0 0 ;0=3,1=1
P 5.076374 2.613 1 P 0 0 ;0=3,1=1
P 5.087874 2.613 1 P 0 0 ;0=3,1=1
P 5.099374 2.613 1 P 0 0 ;0=3,1=1
P 5.110874 2.612984 1 P 0 0 ;0=3,1=1
P 5.122374 2.613 1 P 0 0 ;0=3,1=1
P 5.133874 2.613 1 P 0 0 ;0=3,1=1
P 5.145374 2.613 1 P 0 0 ;0=3,1=1
P 5.156874 2.613 1 P 0 0 ;0=3,1=1
P 5.168374 2.613 1 P 0 0 ;0=3,1=1
P 5.179874 2.613 1 P 0 0 ;0=3,1=1
P 5.193224 2.613 1 P 0 0 ;0=3,1=1
P 5.204724 2.613 1 P 0 0 ;0=3,1=1
P 5.216224 2.613 1 P 0 0 ;0=3,1=1
P 5.73125 2.567 1 P 0 0 ;0=3,1=1
P 5.80169 2.470628 1 P 0 0 ;0=3,1=1
P 5.80169 2.509442 1 P 0 0 ;0=3,1=1
P 5.802672 2.19481 1 P 0 0 ;0=3,1=1
P 5.803 2.315 1 P 0 0 ;0=3,1=1
P 5.803 2.392 1 P 0 0 ;0=3,1=1
P 5.803 2.905844 1 P 0 0 ;0=3,1=1
P 5.803 2.945 1 P 0 0 ;0=3,1=1
P 5.841 2.195776 1 P 0 0 ;0=3,1=1
P 5.841 2.511 1 P 0 0 ;0=3,1=1
P 5.841 2.90525 1 P 0 0 ;0=3,1=1
P 5.841584 2.23496 1 P 0 0 ;0=3,1=1
P 5.841584 2.273824 1 P 0 0 ;0=3,1=1
P 5.841584 2.31282 1 P 0 0 ;0=3,1=1
P 5.841584 2.352 1 P 0 0 ;0=3,1=1
P 5.841584 2.43113 1 P 0 0 ;0=3,1=1
P 5.841584 2.867 1 P 0 0 ;0=3,1=1
P 5.841622 2.39213 1 P 0 0 ;0=3,1=1
P 5.880666 2.195034 1 P 0 0 ;0=3,1=1
P 5.880734 2.352 1 P 0 0 ;0=3,1=1
P 5.880942 2.59 1 P 0 0 ;0=3,1=1
P 5.880942 2.7485 1 P 0 0 ;0=3,1=1
P 5.881236 3.023 1 P 0 0 ;0=3,1=1
P 5.881324 2.391764 1 P 0 0 ;0=3,1=1
P 5.881324 2.867 1 P 0 0 ;0=3,1=1
P 5.882 2.077 1 P 0 0 ;0=3,1=1
P 5.882 2.235 1 P 0 0 ;0=3,1=1
P 5.882 2.431524 1 P 0 0 ;0=3,1=1
P 5.882 2.905 1 P 0 0 ;0=3,1=1
P 5.919334 2.155 1 P 0 0 ;0=3,1=1
P 5.919334 2.472458 1 P 0 0 ;0=3,1=1
P 5.919334 2.510036 1 P 0 0 ;0=3,1=1
P 5.919964 2.431524 1 P 0 0 ;0=3,1=1
P 5.92 2.273556 1 P 0 0 ;0=3,1=1
P 5.92 2.312978 1 P 0 0 ;0=3,1=1
P 5.92 2.352 1 P 0 0 ;0=3,1=1
P 5.92 2.551158 1 P 0 0 ;0=3,1=1
P 5.92 2.82577 1 P 0 0 ;0=3,1=1
P 5.92 2.867 1 P 0 0 ;0=3,1=1
P 5.92 2.947 1 P 0 0 ;0=3,1=1
P 5.92 2.985 1 P 0 0 ;0=3,1=1
P 5.92 3.023 1 P 0 0 ;0=3,1=1
P 5.921 2.077 1 P 0 0 ;0=3,1=1
P 5.921 2.116148 1 P 0 0 ;0=3,1=1
P 5.921 2.235 1 P 0 0 ;0=3,1=1
P 5.95882 2.116148 1 P 0 0 ;0=3,1=1
P 5.959632 2.191142 1 P 0 0 ;0=3,1=1
P 5.959762 2.273424 1 P 0 0 ;0=3,1=1
P 5.959762 2.59 1 P 0 0 ;0=3,1=1
P 5.960538 2.82515 1 P 0 0 ;0=3,1=1
P 5.960538 2.985 1 P 0 0 ;0=3,1=1
P 5.961 2.905 1 P 0 0 ;0=3,1=1
P 5.961 2.947 1 P 0 0 ;0=3,1=1
P 5.962 2.155 1 P 0 0 ;0=3,1=1
P 5.998892 2.191142 1 P 0 0 ;0=3,1=1
P 6.000188 2.98502 1 P 0 0 ;0=3,1=1
P 6.000984 2.115704 1 P 0 0 ;0=3,1=1
P 6.001 2.905 1 P 0 0 ;0=3,1=1
P 6.037616 2.115704 1 P 0 0 ;0=3,1=1
P 6.038428 2.191142 1 P 0 0 ;0=3,1=1
P 6.038908 2.905 1 P 0 0 ;0=3,1=1
P 6.039 2.984 1 P 0 0 ;0=3,1=1
P 6.039 3.023704 1 P 0 0 ;0=3,1=1
P 6.039364 2.077 1 P 0 0 ;0=3,1=1
P 6.078 2.115512 1 P 0 0 ;0=3,1=1
P 6.078 2.905 1 P 0 0 ;0=3,1=1
P 6.078 2.945 1 P 0 0 ;0=3,1=1
P 6.078 2.984074 1 P 0 0 ;0=3,1=1
P 6.078956 2.155 1 P 0 0 ;0=3,1=1
P 6.078956 2.191142 1 P 0 0 ;0=3,1=1
P 6.116634 2.076446 1 P 0 0 ;0=3,1=1
P 6.116634 2.115704 1 P 0 0 ;0=3,1=1
P 6.11684 2.154758 1 P 0 0 ;0=3,1=1
P 6.117818 2.945 1 P 0 0 ;0=3,1=1
P 6.1185 3.023 1 P 0 0 ;0=3,1=1
P 6.11863 2.98502 1 P 0 0 ;0=3,1=1
P 6.156288 2.117 1 P 0 0 ;0=3,1=1
P 6.156288 2.154758 1 P 0 0 ;0=3,1=1
P 6.156944 2.905904 1 P 0 0 ;0=3,1=1
P 6.157 2.191142 1 P 0 0 ;0=3,1=1
P 6.157 2.945 1 P 0 0 ;0=3,1=1
P 6.157 2.984 1 P 0 0 ;0=3,1=1
P 6.196 3.023704 1 P 0 0 ;0=3,1=1
P 6.196148 2.19481 1 P 0 0 ;0=3,1=1
P 6.196812 2.076336 1 P 0 0 ;0=3,1=1
P 6.196812 2.905 1 P 0 0 ;0=3,1=1
P 6.235478 2.154758 1 P 0 0 ;0=3,1=1
P 6.235938 2.077 1 P 0 0 ;0=3,1=1
P 6.236 2.905 1 P 0 0 ;0=3,1=1
P 6.236 2.984 1 P 0 0 ;0=3,1=1
P 6.236 3.023 1 P 0 0 ;0=3,1=1
P 6.236504 2.117 1 P 0 0 ;0=3,1=1
P 6.236504 2.945 1 P 0 0 ;0=3,1=1
P 6.315332 2.077 1 P 0 0 ;0=3,1=1
P 6.315332 2.154758 1 P 0 0 ;0=3,1=1
P 6.315776 2.117 1 P 0 0 ;0=3,1=1
P 6.31587 2.944564 1 P 0 0 ;0=3,1=1
P 6.316 2.983 1 P 0 0 ;0=3,1=1
P 6.316 3.023852 1 P 0 0 ;0=3,1=1
P 6.316114 2.905 1 P 0 0 ;0=3,1=1
P 6.354 2.076336 1 P 0 0 ;0=3,1=1
P 6.354 2.905 1 P 0 0 ;0=3,1=1
P 6.354614 3.023314 1 P 0 0 ;0=3,1=1
P 6.355846 2.191142 1 P 0 0 ;0=3,1=1
P 6.394 2.15557 1 P 0 0 ;0=3,1=1
P 6.394058 2.944564 1 P 0 0 ;0=3,1=1
P 6.394058 2.983 1 P 0 0 ;0=3,1=1
P 6.39424 2.905 1 P 0 0 ;0=3,1=1
P 6.39463 2.117 1 P 0 0 ;0=3,1=1
P 6.433 2.944564 1 P 0 0 ;0=3,1=1
P 6.433 2.983 1 P 0 0 ;0=3,1=1
P 6.433 3.023852 1 P 0 0 ;0=3,1=1
P 6.434548 2.115484 1 P 0 0 ;0=3,1=1
P 6.473 2.983072 1 P 0 0 ;0=3,1=1
P 6.473356 2.944564 1 P 0 0 ;0=3,1=1
P 6.51157 2.117 1 P 0 0 ;0=3,1=1
P 6.512 2.983202 1 P 0 0 ;0=3,1=1
P 6.512 3.023444 1 P 0 0 ;0=3,1=1
P 6.512434 2.905 1 P 0 0 ;0=3,1=1
P 6.551 2.984074 1 P 0 0 ;0=3,1=1
P 6.55297 2.191142 1 P 0 0 ;0=3,1=1
P 6.556 1.998 1 P 0 0 ;0=3,1=1
P 6.591 2.195776 1 P 0 0 ;0=3,1=1
P 6.591 2.905 1 P 0 0 ;0=3,1=1
P 6.591 2.945 1 P 0 0 ;0=3,1=1
P 6.591 2.983 1 P 0 0 ;0=3,1=1
P 6.591902 2.116854 1 P 0 0 ;0=3,1=1
P 6.591902 2.154758 1 P 0 0 ;0=3,1=1
P 6.63 2.117 1 P 0 0 ;0=3,1=1
P 6.63 2.984298 1 P 0 0 ;0=3,1=1
P 6.631072 2.154758 1 P 0 0 ;0=3,1=1
P 6.67 2.194744 1 P 0 0 ;0=3,1=1
P 6.681 1.772 1 P 0 0 ;0=3,1=1
P 6.681 1.7835 1 P 0 0 ;0=3,1=1
P 6.681 1.795 1 P 0 0 ;0=3,1=1
P 6.681 1.819 1 P 0 0 ;0=3,1=1
P 6.681 1.8305 1 P 0 0 ;0=3,1=1
P 6.681 1.842 1 P 0 0 ;0=3,1=1
P 6.681 1.8655 1 P 0 0 ;0=3,1=1
P 6.681 1.877 1 P 0 0 ;0=3,1=1
P 6.681 1.8885 1 P 0 0 ;0=3,1=1
P 6.681 1.914 1 P 0 0 ;0=3,1=1
P 7.198 1.235726 1 P 0 0 ;0=3,1=1
