#Layer_Color=16711935
#
#Feature symbol names
#
$0 r3.937
$1 r7.874
$2 rect24.36x155.512

#
#Feature attribute names
#

#
#Layer features
#
A 0.8645905 1.2621574 0.8645905 1.2621574 0.8488425 1.2621574 0 P 0 N
A 0.9066772 0.7596141 0.9066772 0.7596141 0.8869922 0.7596141 0 P 0 N
A 0.913433 0.3496618 0.913433 0.3496618 0.893748 0.3496618 0 P 0 N
A 0.9163779 1.6239921 0.9163779 1.6239921 0.8966929 1.6239921 0 P 0 N
A 1.3821732 4.8981496 1.3821732 4.8981496 1.3624882 4.8981496 0 P 0 N
A 5.9584173 3.943622 5.9584173 3.943622 5.9387323 3.943622 0 P 0 N
A 7.1813883 1.4204621 7.1964621 1.4053883 7.307 1.531 0 P 0 N
A 7.1964621 1.6566117 7.1813883 1.6415379 7.307 1.531 0 P 0 N
A 7.332 1.531 7.332 1.531 7.307 1.531 0 P 0 N
A 7.4093648 1.531 7.4093648 1.531 7.307 1.531 0 P 0 N
A 7.4175379 1.4053883 7.4326117 1.4204621 7.307 1.531 0 P 0 N
A 7.4320048 1.531 7.4320048 1.531 7.307 1.531 0 P 0 N
A 7.4326117 1.6415379 7.4175379 1.6566117 7.307 1.531 0 P 0 N
A 7.5303896 3.9352677 7.5303896 3.9352677 7.5107046 3.9352677 0 P 0 N
A 7.7565117 2.9148425 7.7565117 2.9148425 7.7368267 2.9148425 0 P 0 N
A 7.9028167 1.4204685 7.9178905 1.4053947 8.0284284 1.5310064 0 P 0 N
A 7.9178905 1.6566181 7.9028167 1.6415443 8.0284284 1.5310064 0 P 0 N
A 8.0534284 1.5310064 8.0534284 1.5310064 8.0284284 1.5310064 0 P 0 N
A 8.1307932 1.5310064 8.1307932 1.5310064 8.0284284 1.5310064 0 P 0 N
A 8.1389663 1.4053947 8.1540401 1.4204685 8.0284284 1.5310064 0 P 0 N
A 8.1534332 1.5310064 8.1534332 1.5310064 8.0284284 1.5310064 0 P 0 N
A 8.1540401 1.6415443 8.1389663 1.6566181 8.0284284 1.5310064 0 P 0 N
L 0.001968 1.26856 0.008268 1.258716 0 P 0
L 0.001968 1.26856 0.02559 1.28037 0 P 0
L 0.001968 1.309504 0.001968 1.721708 0 P 0
L 0.001968 1.309504 0.02559 1.309504 0 P 0
L 0.001968 1.721708 0.02559 1.721708 0 P 0
L 0.001968 1.774464 0.008268 1.784308 0 P 0
L 0.001968 1.774464 0.02559 1.762654 0 P 0
L 0.004922 0.290804 0.004922 0.991196 0 P 0
L 0.004922 0.290804 0.571456 0.290804 0 P 0
L 0.004922 0.991196 0.571456 0.991196 0 P 0
L 0.004922 2.582938 0.004922 3.275064 0 P 0
L 0.004922 2.582938 0.94744 2.582938 0 P 0
L 0.004922 3.275064 0.94744 3.275064 0 P 0
L 0.008268 1.258716 0.02559 1.26856 0 P 0
L 0.008268 1.784308 0.02559 1.774464 0 P 0
L 0.02559 1.26856 0.212598 1.26856 0 P 0
L 0.02559 1.28037 0.02559 1.309504 0 P 0
L 0.02559 1.721708 0.02559 1.762654 0 P 0
L 0.02559 1.774464 0.212598 1.774464 0 P 0
L 0.0472445 3.753204 0.0472445 4.296512 1 P 0
L 0.0472445 3.753204 0.6574805 3.753204 1 P 0
L 0.0472445 4.296512 0.6574805 4.296512 1 P 0
L 0.161016 3.380174 0.161016 3.401826 0 P 0
L 0.161016 3.380174 0.202354 3.380174 0 P 0
L 0.161016 3.401826 0.202354 3.401826 0 P 0
L 0.202354 3.380174 0.202354 3.401826 0 P 0
L 0.212598 1.26856 0.212598 1.323874 0 P 0
L 0.212598 1.323874 0.22244 1.323874 0 P 0
L 0.212598 1.660488 0.212598 1.774464 0 P 0
L 0.212598 1.660488 0.22244 1.660488 0 P 0
L 0.22244 1.323874 0.22244 1.660488 0 P 0
L 0.2505041 4.4515978 0.2505041 4.4764018 0 P 0
L 0.2505041 4.4515978 0.2634961 4.4515978 0 P 0
L 0.2505041 4.4764018 0.2634961 4.4764018 0 P 0
L 0.2634961 4.4515978 0.2634961 4.4764018 0 P 0
L 0.273252 3.362504 0.273252 3.425496 0 P 0
L 0.273252 3.362504 0.304748 3.362504 0 P 0
L 0.273252 3.425496 0.304748 3.425496 0 P 0
L 0.27933 2.434174 0.27933 2.455826 0 P 0
L 0.27933 2.434174 0.32067 2.434174 0 P 0
L 0.27933 2.455826 0.32067 2.455826 0 P 0
L 0.290188 1.764346 0.290188 1.807654 0 P 0
L 0.290188 1.764346 0.313812 1.764346 0 P 0
L 0.290188 1.807654 0.313812 1.807654 0 P 0
L 0.304748 3.362504 0.304748 3.425496 0 P 0
L 0.313812 1.764346 0.313812 1.807654 0 P 0
L 0.32067 2.434174 0.32067 2.455826 0 P 0
L 0.349536 4.9313 0.349536 4.9687 0 P 0
L 0.349536 4.9313 0.418434 4.9313 0 P 0
L 0.349536 4.9687 0.418434 4.9687 0 P 0
L 0.349536 4.991442 0.349536 5.028842 0 P 0
L 0.349536 4.991442 0.418434 4.991442 0 P 0
L 0.349536 5.028842 0.418434 5.028842 0 P 0
L 0.349536 5.0623 0.349536 5.0997 0 P 0
L 0.349536 5.0623 0.418434 5.0623 0 P 0
L 0.349536 5.0997 0.418434 5.0997 0 P 0
L 0.349552 4.8633 0.349552 4.9007 0 P 0
L 0.349552 4.8633 0.418448 4.8633 0 P 0
L 0.349552 4.9007 0.418448 4.9007 0 P 0
L 0.36533 3.363174 0.36533 3.384826 0 P 0
L 0.36533 3.363174 0.40667 3.363174 0 P 0
L 0.36533 3.384826 0.40667 3.384826 0 P 0
L 0.376252 2.413504 0.376252 2.476496 0 P 0
L 0.376252 2.413504 0.407748 2.413504 0 P 0
L 0.376252 2.476496 0.407748 2.476496 0 P 0
L 0.40667 3.363174 0.40667 3.384826 0 P 0
L 0.407748 2.413504 0.407748 2.476496 0 P 0
L 0.418434 4.9313 0.418434 4.9687 0 P 0
L 0.418434 4.991442 0.418434 5.028842 0 P 0
L 0.418434 5.0623 0.418434 5.0997 0 P 0
L 0.418448 4.8633 0.418448 4.9007 0 P 0
L 0.46433 2.474174 0.46433 2.495826 0 P 0
L 0.46433 2.474174 0.50567 2.474174 0 P 0
L 0.46433 2.495826 0.50567 2.495826 0 P 0
L 0.46933 4.343174 0.46933 4.364826 0 P 0
L 0.46933 4.343174 0.51067 4.343174 0 P 0
L 0.46933 4.364826 0.51067 4.364826 0 P 0
L 0.47433 0.237174 0.47433 0.258826 0 P 0
L 0.47433 0.237174 0.51567 0.237174 0 P 0
L 0.47433 0.258826 0.51567 0.258826 0 P 0
L 0.480914 1.022818 0.480914 1.03581 0 P 0
L 0.480914 1.022818 0.505716 1.022818 0 P 0
L 0.480914 1.03581 0.505716 1.03581 0 P 0
L 0.484016 2.414488 0.484016 2.436142 0 P 0
L 0.484016 2.414488 0.525354 2.414488 0 P 0
L 0.484016 2.436142 0.525354 2.436142 0 P 0
L 0.50567 2.474174 0.50567 2.495826 0 P 0
L 0.505716 1.022818 0.505716 1.03581 0 P 0
L 0.51067 4.343174 0.51067 4.364826 0 P 0
L 0.51567 0.237174 0.51567 0.258826 0 P 0
L 0.525354 2.414488 0.525354 2.436142 0 P 0
L 0.527784 1.61523 0.527784 1.636882 0 P 0
L 0.527784 1.61523 0.569122 1.61523 0 P 0
L 0.527784 1.636882 0.569122 1.636882 0 P 0
L 0.527784 1.663692 0.527784 1.685346 0 P 0
L 0.527784 1.663692 0.569122 1.663692 0 P 0
L 0.527784 1.685346 0.569122 1.685346 0 P 0
L 0.5544258 4.7645219 0.5544258 4.8019219 0 P 0
L 0.5544258 4.7645219 0.6213538 4.7645219 0 P 0
L 0.5544258 4.8019219 0.6213538 4.8019219 0 P 0
L 0.554536 4.6843 0.554536 4.7217 0 P 0
L 0.554536 4.6843 0.621464 4.6843 0 P 0
L 0.554536 4.7217 0.621464 4.7217 0 P 0
L 0.55659 2.478504 0.55659 2.491496 0 P 0
L 0.55659 2.478504 0.581394 2.478504 0 P 0
L 0.55659 2.491496 0.581394 2.491496 0 P 0
L 0.569122 1.61523 0.569122 1.636882 0 P 0
L 0.569122 1.663692 0.569122 1.685346 0 P 0
L 0.571456 0.290804 0.571456 0.991196 0 P 0
L 0.581394 2.478504 0.581394 2.491496 0 P 0
L 0.594174 1.03833 0.594174 1.07967 0 P 0
L 0.594174 1.03833 0.615826 1.03833 0 P 0
L 0.594174 1.07967 0.615826 1.07967 0 P 0
L 0.615826 1.03833 0.615826 1.07967 0 P 0
L 0.6213538 4.7645219 0.6213538 4.8019219 0 P 0
L 0.621464 4.6843 0.621464 4.7217 0 P 0
L 0.644488 1.03933 0.644488 1.08067 0 P 0
L 0.644488 1.03933 0.666142 1.03933 0 P 0
L 0.644488 1.08067 0.666142 1.08067 0 P 0
L 0.6574805 3.753204 0.6574805 4.296512 1 P 0
L 0.664174 0.600646 0.664174 0.641984 0 P 0
L 0.664174 0.600646 0.685826 0.600646 0 P 0
L 0.664174 0.641984 0.685826 0.641984 0 P 0
L 0.666142 1.03933 0.666142 1.08067 0 P 0
L 0.685826 0.600646 0.685826 0.641984 0 P 0
L 0.68619 0.89663 0.68619 0.939938 0 P 0
L 0.68619 0.89663 0.709812 0.89663 0 P 0
L 0.68619 0.939938 0.709812 0.939938 0 P 0
L 0.693762 0.787174 0.693762 0.808826 0 P 0
L 0.693762 0.787174 0.735102 0.787174 0 P 0
L 0.693762 0.808826 0.735102 0.808826 0 P 0
L 0.70203 0.843504 0.70203 0.856496 0 P 0
L 0.70203 0.843504 0.726834 0.843504 0 P 0
L 0.70203 0.856496 0.726834 0.856496 0 P 0
L 0.709812 0.89663 0.709812 0.939938 0 P 0
L 0.711166 0.640016 0.711166 0.681354 0 P 0
L 0.711166 0.640016 0.732818 0.640016 0 P 0
L 0.711166 0.681354 0.732818 0.681354 0 P 0
L 0.7183 1.442552 0.7183 1.511448 0 P 0
L 0.7183 1.442552 0.7557 1.442552 0 P 0
L 0.7183 1.511448 0.7557 1.511448 0 P 0
L 0.722306 1.599032 0.722306 1.64234 0 P 0
L 0.722306 1.599032 0.745928 1.599032 0 P 0
L 0.722306 1.64234 0.745928 1.64234 0 P 0
L 0.726834 0.843504 0.726834 0.856496 0 P 0
L 0.729174 4.26333 0.729174 4.30467 0 P 0
L 0.729174 4.26333 0.750826 4.26333 0 P 0
L 0.729174 4.30467 0.750826 4.30467 0 P 0
L 0.732818 0.640016 0.732818 0.681354 0 P 0
L 0.735102 0.787174 0.735102 0.808826 0 P 0
L 0.735146 1.243064 0.735146 1.267866 0 P 0
L 0.735146 1.243064 0.748138 1.243064 0 P 0
L 0.735146 1.267866 0.748138 1.267866 0 P 0
L 0.74219 0.895378 0.74219 0.938686 0 P 0
L 0.74219 0.895378 0.765812 0.895378 0 P 0
L 0.74219 0.938686 0.765812 0.938686 0 P 0
L 0.745928 1.599032 0.745928 1.64234 0 P 0
L 0.747456 1.025244 0.747456 1.180756 0 P 0
L 0.747456 1.025244 0.92856 1.025244 0 P 0
L 0.747456 1.180756 0.92856 1.180756 0 P 0
L 0.748138 1.243064 0.748138 1.267866 0 P 0
L 0.750826 4.26333 0.750826 4.30467 0 P 0
L 0.7557 1.442552 0.7557 1.511448 0 P 0
L 0.75833 3.835174 0.75833 3.856826 0 P 0
L 0.75833 3.835174 0.79967 3.835174 0 P 0
L 0.75833 3.856826 0.79967 3.856826 0 P 0
L 0.764504 0.40222 0.764504 0.427024 0 P 0
L 0.764504 0.40222 0.777496 0.40222 0 P 0
L 0.764504 0.427024 0.777496 0.427024 0 P 0
L 0.764504 0.515808 0.764504 0.54061 0 P 0
L 0.764504 0.515808 0.777496 0.515808 0 P 0
L 0.764504 0.54061 0.777496 0.54061 0 P 0
L 0.765812 0.895378 0.765812 0.938686 0 P 0
L 0.777496 0.40222 0.777496 0.427024 0 P 0
L 0.777496 0.515808 0.777496 0.54061 0 P 0
L 0.797662 1.230662 0.797662 1.313338 0 P 0
L 0.797662 1.230662 0.880338 1.230662 0 P 0
L 0.797662 1.313338 0.880338 1.313338 0 P 0
L 0.79967 3.835174 0.79967 3.856826 0 P 0
L 0.804174 3.98533 0.804174 4.02667 0 P 0
L 0.804174 3.98533 0.825826 3.98533 0 P 0
L 0.804174 4.02667 0.825826 4.02667 0 P 0
L 0.804316 0.724182 0.804316 0.842292 0 P 0
L 0.804316 0.724182 0.922426 0.724182 0 P 0
L 0.804316 0.842292 0.922426 0.842292 0 P 0
L 0.806174 4.12733 0.806174 4.16867 0 P 0
L 0.806174 4.12733 0.827826 4.12733 0 P 0
L 0.806174 4.16867 0.827826 4.16867 0 P 0
L 0.807858 0.68152 0.807858 0.694512 0 P 0
L 0.807858 0.68152 0.832662 0.68152 0 P 0
L 0.807858 0.694512 0.832662 0.694512 0 P 0
L 0.820914 0.954976 0.820914 0.97663 0 P 0
L 0.820914 0.954976 0.862252 0.954976 0 P 0
L 0.820914 0.97663 0.862252 0.97663 0 P 0
L 0.823016 0.908174 0.823016 0.929826 0 P 0
L 0.823016 0.908174 0.864354 0.908174 0 P 0
L 0.823016 0.929826 0.864354 0.929826 0 P 0
L 0.825826 3.98533 0.825826 4.02667 0 P 0
L 0.826818 0.314228 0.826818 0.574072 0 P 0
L 0.826818 0.314228 0.929182 0.314228 0 P 0
L 0.826818 0.574072 0.929182 0.574072 0 P 0
L 0.8269365 4.37307 0.8269365 4.55693 0 P 0
L 0.8269365 4.55693 0.9190625 4.55693 0 P 0
L 0.827826 4.12733 0.827826 4.16867 0 P 0
L 0.832662 0.68152 0.832662 0.694512 0 P 0
L 0.86126 1.462574 0.86126 1.659424 0 P 0
L 0.86126 1.462574 1.01874 1.462574 0 P 0
L 0.86126 1.659424 1.01874 1.659424 0 P 0
L 0.862252 0.954976 0.862252 0.97663 0 P 0
L 0.864354 0.908174 0.864354 0.929826 0 P 0
L 0.8762059 4.274174 0.8762059 4.295826 0 P 0
L 0.8762059 4.274174 0.9175459 4.274174 0 P 0
L 0.8762059 4.295826 0.9175459 4.295826 0 P 0
L 0.87833 4.3253787 0.87833 4.3470307 0 P 0
L 0.87833 4.3253787 0.91967 4.3253787 0 P 0
L 0.87833 4.3470307 0.91967 4.3470307 0 P 0
L 0.880338 1.230662 0.880338 1.313338 0 P 0
L 0.889582 1.709882 0.889582 1.749252 0 P 0
L 0.889582 1.709882 0.960448 1.709882 0 P 0
L 0.889582 1.749252 0.960448 1.749252 0 P 0
L 0.914606 0.867158 0.914606 0.88881 0 P 0
L 0.914606 0.867158 0.955944 0.867158 0 P 0
L 0.914606 0.88881 0.955944 0.88881 0 P 0
L 0.9175459 4.274174 0.9175459 4.295826 0 P 0
L 0.9190625 4.37307 0.9190625 4.55693 0 P 0
L 0.91967 4.3253787 0.91967 4.3470307 0 P 0
L 0.922426 0.724182 0.922426 0.842292 0 P 0
L 0.92856 1.025244 0.92856 1.180756 0 P 0
L 0.929182 0.314228 0.929182 0.574072 0 P 0
L 0.944134 1.241488 0.944134 1.282826 0 P 0
L 0.944134 1.241488 0.965788 1.241488 0 P 0
L 0.944134 1.282826 0.965788 1.282826 0 P 0
L 0.94744 2.582938 0.94744 3.275064 0 P 0
L 0.955944 0.867158 0.955944 0.88881 0 P 0
L 0.960448 1.709882 0.960448 1.749252 0 P 0
L 0.965174 0.65833 0.965174 0.69967 0 P 0
L 0.965174 0.65833 0.986826 0.65833 0 P 0
L 0.965174 0.69967 0.986826 0.69967 0 P 0
L 0.965788 1.241488 0.965788 1.282826 0 P 0
L 0.986826 0.65833 0.986826 0.69967 0 P 0
L 1.000762 1.249756 1.000762 1.274558 0 P 0
L 1.000762 1.249756 1.013754 1.249756 0 P 0
L 1.000762 1.274558 1.013754 1.274558 0 P 0
L 1.007536 1.699386 1.007536 1.833244 0 P 0
L 1.007536 1.699386 1.078402 1.699386 0 P 0
L 1.007536 1.833244 1.078402 1.833244 0 P 0
L 1.013598 0.445654 1.013598 0.458646 0 P 0
L 1.013598 0.445654 1.038402 0.445654 0 P 0
L 1.013598 0.458646 1.038402 0.458646 0 P 0
L 1.013606 0.486866 1.013606 0.499858 0 P 0
L 1.013606 0.486866 1.03841 0.486866 0 P 0
L 1.013606 0.499858 1.03841 0.499858 0 P 0
L 1.013754 1.249756 1.013754 1.274558 0 P 0
L 1.01759 0.329386 1.01759 0.342378 0 P 0
L 1.01759 0.329386 1.042394 0.329386 0 P 0
L 1.01759 0.342378 1.042394 0.342378 0 P 0
L 1.017598 0.369504 1.017598 0.382496 0 P 0
L 1.017598 0.369504 1.042402 0.369504 0 P 0
L 1.017598 0.382496 1.042402 0.382496 0 P 0
L 1.01874 1.462574 1.01874 1.659424 0 P 0
L 1.030174 1.15433 1.030174 1.19567 0 P 0
L 1.030174 1.15433 1.051826 1.15433 0 P 0
L 1.030174 1.19567 1.051826 1.19567 0 P 0
L 1.030944 0.913112 1.030944 0.934766 0 P 0
L 1.030944 0.913112 1.072282 0.913112 0 P 0
L 1.030944 0.934766 1.072282 0.934766 0 P 0
L 1.030944 0.954976 1.030944 0.97663 0 P 0
L 1.030944 0.954976 1.072282 0.954976 0 P 0
L 1.030944 0.97663 1.072282 0.97663 0 P 0
L 1.035598 3.227504 1.035598 3.240496 0 P 0
L 1.035598 3.227504 1.060402 3.227504 0 P 0
L 1.035598 3.240496 1.060402 3.240496 0 P 0
L 1.038008 0.77241 1.038008 0.794062 0 P 0
L 1.038008 0.77241 1.079346 0.77241 0 P 0
L 1.038008 0.794062 1.079346 0.794062 0 P 0
L 1.038284 3.162504 1.038284 3.175496 0 P 0
L 1.038284 3.162504 1.063086 3.162504 0 P 0
L 1.038284 3.175496 1.063086 3.175496 0 P 0
L 1.038402 0.445654 1.038402 0.458646 0 P 0
L 1.03841 0.486866 1.03841 0.499858 0 P 0
L 1.03933 0.725174 1.03933 0.746826 0 P 0
L 1.03933 0.725174 1.08067 0.725174 0 P 0
L 1.03933 0.746826 1.08067 0.746826 0 P 0
L 1.040598 2.682504 1.040598 2.695496 0 P 0
L 1.040598 2.682504 1.065402 2.682504 0 P 0
L 1.040598 2.695496 1.065402 2.695496 0 P 0
L 1.042394 0.329386 1.042394 0.342378 0 P 0
L 1.042402 0.369504 1.042402 0.382496 0 P 0
L 1.043004 2.626504 1.043004 2.639496 0 P 0
L 1.043004 2.626504 1.067806 2.626504 0 P 0
L 1.043004 2.639496 1.067806 2.639496 0 P 0
L 1.049064 0.871488 1.049064 0.88448 0 P 0
L 1.049064 0.871488 1.073866 0.871488 0 P 0
L 1.049064 0.88448 1.073866 0.88448 0 P 0
L 1.050338 0.824598 1.050338 0.83759 0 P 0
L 1.050338 0.824598 1.07514 0.824598 0 P 0
L 1.050338 0.83759 1.07514 0.83759 0 P 0
L 1.051826 1.15433 1.051826 1.19567 0 P 0
L 1.060402 3.227504 1.060402 3.240496 0 P 0
L 1.063086 3.162504 1.063086 3.175496 0 P 0
L 1.065402 2.682504 1.065402 2.695496 0 P 0
L 1.067806 2.626504 1.067806 2.639496 0 P 0
L 1.072282 0.913112 1.072282 0.934766 0 P 0
L 1.072282 0.954976 1.072282 0.97663 0 P 0
L 1.073866 0.871488 1.073866 0.88448 0 P 0
L 1.07514 0.824598 1.07514 0.83759 0 P 0
L 1.078402 1.699386 1.078402 1.833244 0 P 0
L 1.079346 0.77241 1.079346 0.794062 0 P 0
L 1.08067 0.725174 1.08067 0.746826 0 P 0
L 1.1077368 4.6013765 1.1077368 4.6387765 0 P 0
L 1.1077368 4.6013765 1.1746648 4.6013765 0 P 0
L 1.1077368 4.6387765 1.1746648 4.6387765 0 P 0
L 1.1133 1.730552 1.1133 1.799448 0 P 0
L 1.1133 1.730552 1.1507 1.730552 0 P 0
L 1.1133 1.799448 1.1507 1.799448 0 P 0
L 1.135536 1.4803 1.135536 1.5177 0 P 0
L 1.135536 1.4803 1.202464 1.4803 0 P 0
L 1.135536 1.5177 1.202464 1.5177 0 P 0
L 1.138078 4.756418 1.138078 4.933582 0 P 0
L 1.138078 4.756418 1.397922 4.756418 0 P 0
L 1.138078 4.933582 1.397922 4.933582 0 P 0
L 1.1507 1.730552 1.1507 1.799448 0 P 0
L 1.1746648 4.6013765 1.1746648 4.6387765 0 P 0
L 1.1873515 4.535734 1.1873515 4.573134 0 P 0
L 1.1873515 4.535734 1.2542795 4.535734 0 P 0
L 1.1873515 4.573134 1.2542795 4.573134 0 P 0
L 1.202464 1.4803 1.202464 1.5177 0 P 0
L 1.212166 1.112544 1.212166 1.285772 0 P 0
L 1.212166 1.112544 1.409016 1.112544 0 P 0
L 1.212166 1.285772 1.409016 1.285772 0 P 0
L 1.2542795 4.535734 1.2542795 4.573134 0 P 0
L 1.2763 5.280552 1.2763 5.349448 0 P 0
L 1.2763 5.280552 1.3137 5.280552 0 P 0
L 1.2763 5.349448 1.3137 5.349448 0 P 0
L 1.299174 1.39233 1.299174 1.43367 0 P 0
L 1.299174 1.39233 1.320826 1.39233 0 P 0
L 1.299174 1.43367 1.320826 1.43367 0 P 0
L 1.3137 5.280552 1.3137 5.349448 0 P 0
L 1.320826 1.39233 1.320826 1.43367 0 P 0
L 1.352174 1.39233 1.352174 1.43367 0 P 0
L 1.352174 1.39233 1.373826 1.39233 0 P 0
L 1.352174 1.43367 1.373826 1.43367 0 P 0
L 1.3596361 5.1575676 1.3596361 5.2244956 0 P 0
L 1.3596361 5.1575676 1.3970361 5.1575676 0 P 0
L 1.3596361 5.2244956 1.3970361 5.2244956 0 P 0
L 1.3623 5.280048 1.3623 5.348944 0 P 0
L 1.3623 5.280048 1.3997 5.280048 0 P 0
L 1.3623 5.348944 1.3997 5.348944 0 P 0
L 1.373826 1.39233 1.373826 1.43367 0 P 0
L 1.383426 1.285772 1.409016 1.260182 0 P 0
L 1.3970361 5.1575676 1.3970361 5.2244956 0 P 0
L 1.397922 4.756418 1.397922 4.933582 0 P 0
L 1.3997 5.280048 1.3997 5.348944 0 P 0
L 1.405174 1.39233 1.405174 1.43367 0 P 0
L 1.405174 1.39233 1.426826 1.39233 0 P 0
L 1.405174 1.43367 1.426826 1.43367 0 P 0
L 1.409016 1.112544 1.409016 1.285772 0 P 0
L 1.426826 1.39233 1.426826 1.43367 0 P 0
L 1.4463 5.279056 1.4463 5.347952 0 P 0
L 1.4463 5.279056 1.4837 5.279056 0 P 0
L 1.4463 5.347952 1.4837 5.347952 0 P 0
L 1.448504 1.071008 1.448504 1.09581 0 P 0
L 1.448504 1.071008 1.461496 1.071008 0 P 0
L 1.448504 1.09581 1.461496 1.09581 0 P 0
L 1.461496 1.071008 1.461496 1.09581 0 P 0
L 1.4837 5.279056 1.4837 5.347952 0 P 0
L 1.5273 5.280056 1.5273 5.348952 0 P 0
L 1.5273 5.280056 1.5647 5.280056 0 P 0
L 1.5273 5.348952 1.5647 5.348952 0 P 0
L 1.549032 4.46919 1.549032 4.50659 0 P 0
L 1.549032 4.46919 1.61596 4.46919 0 P 0
L 1.549032 4.50659 1.61596 4.50659 0 P 0
L 1.5647 5.280056 1.5647 5.348952 0 P 0
L 1.61596 4.46919 1.61596 4.50659 0 P 0
L 1.6884179 5.022582 1.6884179 5.08951 0 P 0
L 1.6884179 5.022582 1.7258179 5.022582 0 P 0
L 1.6884179 5.08951 1.7258179 5.08951 0 P 0
L 1.7258179 5.022582 1.7258179 5.08951 0 P 0
L 10.0033 2.74878 10.0033 2.890512 0 P 0
L 10.042914 1.289086 10.042914 1.524914 0 P 0
L 2.033008 1.698038 2.033008 3.501188 0 P 0
L 2.033008 1.698038 2.269228 1.698038 0 P 0
L 2.033008 3.501188 2.269228 3.501188 0 P 0
L 2.154086 0.101086 2.154086 0.336914 0 P 0
L 2.154086 0.101086 2.389914 0.101086 0 P 0
L 2.154086 0.336914 2.389914 0.336914 0 P 0
L 2.269228 1.698038 2.269228 3.501188 0 P 0
L 2.312984 4.081394 2.312984 4.736906 0 P 0
L 2.312984 4.081394 2.561016 4.081394 0 P 0
L 2.312984 4.736906 2.561016 4.736906 0 P 0
L 2.323914 3.95141 2.323914 4.00259 0 P 0
L 2.323914 3.95141 2.438086 3.95141 0 P 0
L 2.323914 3.989204 2.361708 3.95141 0 P 0
L 2.323914 4.00259 2.438086 4.00259 0 P 0
L 2.389914 0.101086 2.389914 0.336914 0 P 0
L 2.438086 3.95141 2.438086 4.00259 0 P 0
L 2.561016 4.081394 2.561016 4.736906 0 P 0
L 2.633464 1.675504 2.633464 1.911724 0 P 0
L 2.633464 1.675504 5.066536 1.675504 0 P 0
L 2.633464 1.911724 5.066536 1.911724 0 P 0
L 2.633464 3.282504 2.633464 3.518724 0 P 0
L 2.633464 3.282504 5.066536 3.282504 0 P 0
L 2.633464 3.518724 5.066536 3.518724 0 P 0
L 3.266284 0.383536 3.266284 0.450464 0 P 0
L 3.266284 0.383536 3.301716 0.383536 0 P 0
L 3.266284 0.450464 3.301716 0.450464 0 P 0
L 3.301716 0.383536 3.301716 0.450464 0 P 0
L 3.366284 0.383536 3.366284 0.450464 0 P 0
L 3.366284 0.383536 3.401716 0.383536 0 P 0
L 3.366284 0.450464 3.401716 0.450464 0 P 0
L 3.401716 0.383536 3.401716 0.450464 0 P 0
L 4.501284 0.362078 4.501284 0.429008 0 P 0
L 4.501284 0.362078 4.536716 0.362078 0 P 0
L 4.501284 0.362536 4.501284 0.429464 0 P 0
L 4.501284 0.362536 4.536716 0.362536 0 P 0
L 4.501284 0.429008 4.536716 0.429008 0 P 0
L 4.501284 0.429464 4.536716 0.429464 0 P 0
L 4.536716 0.362078 4.536716 0.429008 0 P 0
L 4.536716 0.362536 4.536716 0.429464 0 P 0
L 4.576284 0.363536 4.576284 0.430464 0 P 0
L 4.576284 0.363536 4.576284 0.430464 0 P 0
L 4.576284 0.363536 4.611716 0.363536 0 P 0
L 4.576284 0.363536 4.611716 0.363536 0 P 0
L 4.576284 0.430464 4.611716 0.430464 0 P 0
L 4.576284 0.430464 4.611716 0.430464 0 P 0
L 4.611716 0.363536 4.611716 0.430464 0 P 0
L 4.611716 0.363536 4.611716 0.430464 0 P 0
L 4.652284 0.363536 4.652284 0.430464 0 P 0
L 4.652284 0.363536 4.652284 0.430464 0 P 0
L 4.652284 0.363536 4.687716 0.363536 0 P 0
L 4.652284 0.363536 4.687716 0.363536 0 P 0
L 4.652284 0.430464 4.687716 0.430464 0 P 0
L 4.652284 0.430464 4.687716 0.430464 0 P 0
L 4.687716 0.363536 4.687716 0.430464 0 P 0
L 4.687716 0.363536 4.687716 0.430464 0 P 0
L 4.728284 0.363536 4.728284 0.430464 0 P 0
L 4.728284 0.363536 4.728284 0.430464 0 P 0
L 4.728284 0.363536 4.763716 0.363536 0 P 0
L 4.728284 0.363536 4.763716 0.363536 0 P 0
L 4.728284 0.430464 4.763716 0.430464 0 P 0
L 4.728284 0.430464 4.763716 0.430464 0 P 0
L 4.763716 0.363536 4.763716 0.430464 0 P 0
L 4.763716 0.363536 4.763716 0.430464 0 P 0
L 4.802284 0.363536 4.802284 0.430464 0 P 0
L 4.802284 0.363536 4.802284 0.430464 0 P 0
L 4.802284 0.363536 4.837716 0.363536 0 P 0
L 4.802284 0.363536 4.837716 0.363536 0 P 0
L 4.802284 0.430464 4.837716 0.430464 0 P 0
L 4.802284 0.430464 4.837716 0.430464 0 P 0
L 4.837716 0.363536 4.837716 0.430464 0 P 0
L 4.837716 0.363536 4.837716 0.430464 0 P 0
L 5.066536 1.675504 5.066536 1.911724 0 P 0
L 5.066536 3.282504 5.066536 3.518724 0 P 0
L 5.31333 4.910174 5.31333 4.931826 0 P 0
L 5.31333 4.910174 5.35467 4.910174 0 P 0
L 5.31333 4.931826 5.35467 4.931826 0 P 0
L 5.31333 4.964174 5.31333 4.985826 0 P 0
L 5.31333 4.964174 5.35467 4.964174 0 P 0
L 5.31333 4.985826 5.35467 4.985826 0 P 0
L 5.35467 4.910174 5.35467 4.931826 0 P 0
L 5.35467 4.964174 5.35467 4.985826 0 P 0
L 5.424694 2.013456 5.424694 2.070544 0 P 0
L 5.424694 2.013456 5.511308 2.013456 0 P 0
L 5.424694 2.070544 5.511308 2.070544 0 P 0
L 5.424694 2.162598 5.424694 2.219686 0 P 0
L 5.424694 2.162598 5.511308 2.162598 0 P 0
L 5.424694 2.219686 5.511308 2.219686 0 P 0
L 5.424694 2.311742 5.424694 2.36883 0 P 0
L 5.424694 2.311742 5.511308 2.311742 0 P 0
L 5.424694 2.36883 5.511308 2.36883 0 P 0
L 5.424694 2.460884 5.424694 2.517972 0 P 0
L 5.424694 2.460884 5.511308 2.460884 0 P 0
L 5.424694 2.517972 5.511308 2.517972 0 P 0
L 5.424694 2.610028 5.424694 2.667116 0 P 0
L 5.424694 2.610028 5.511308 2.610028 0 P 0
L 5.424694 2.667116 5.511308 2.667116 0 P 0
L 5.424694 2.75917 5.424694 2.816258 0 P 0
L 5.424694 2.75917 5.511308 2.75917 0 P 0
L 5.424694 2.816258 5.511308 2.816258 0 P 0
L 5.424694 2.908314 5.424694 2.965402 0 P 0
L 5.424694 2.908314 5.511308 2.908314 0 P 0
L 5.424694 2.965402 5.511308 2.965402 0 P 0
L 5.424694 3.057456 5.424694 3.114544 0 P 0
L 5.424694 3.057456 5.511308 3.057456 0 P 0
L 5.424694 3.114544 5.511308 3.114544 0 P 0
L 5.511308 2.013456 5.511308 2.070544 0 P 0
L 5.511308 2.162598 5.511308 2.219686 0 P 0
L 5.511308 2.311742 5.511308 2.36883 0 P 0
L 5.511308 2.460884 5.511308 2.517972 0 P 0
L 5.511308 2.610028 5.511308 2.667116 0 P 0
L 5.511308 2.75917 5.511308 2.816258 0 P 0
L 5.511308 2.908314 5.511308 2.965402 0 P 0
L 5.511308 3.057456 5.511308 3.114544 0 P 0
L 5.611284 5.162992 5.611284 5.229922 0 P 0
L 5.611284 5.162992 5.646716 5.162992 0 P 0
L 5.611284 5.229922 5.646716 5.229922 0 P 0
L 5.619834 3.860944 5.619834 3.979056 0 P 0
L 5.619834 3.860944 5.974166 3.860944 0 P 0
L 5.619834 3.979056 5.974166 3.979056 0 P 0
L 5.646716 5.162992 5.646716 5.229922 0 P 0
L 5.682292 5.164314 5.682292 5.231244 0 P 0
L 5.682292 5.164314 5.717724 5.164314 0 P 0
L 5.682292 5.231244 5.717724 5.231244 0 P 0
L 5.717724 5.164314 5.717724 5.231244 0 P 0
L 5.756088 3.304598 5.756088 3.329402 0 P 0
L 5.756088 3.304598 5.76908 3.304598 0 P 0
L 5.756088 3.329402 5.76908 3.329402 0 P 0
L 5.756088 3.386606 5.756088 3.41141 0 P 0
L 5.756088 3.386606 5.76908 3.386606 0 P 0
L 5.756088 3.41141 5.76908 3.41141 0 P 0
L 5.76908 3.304598 5.76908 3.329402 0 P 0
L 5.76908 3.386606 5.76908 3.41141 0 P 0
L 5.772504 5.214818 5.772504 5.239622 0 P 0
L 5.772504 5.214818 5.785496 5.214818 0 P 0
L 5.772504 5.239622 5.785496 5.239622 0 P 0
L 5.785496 5.214818 5.785496 5.239622 0 P 0
L 5.795088 3.304606 5.795088 3.32941 0 P 0
L 5.795088 3.304606 5.80808 3.304606 0 P 0
L 5.795088 3.32941 5.80808 3.32941 0 P 0
L 5.795088 3.386606 5.795088 3.41141 0 P 0
L 5.795088 3.386606 5.80808 3.386606 0 P 0
L 5.795088 3.41141 5.80808 3.41141 0 P 0
L 5.806678 4.153442 5.806678 4.20856 0 P 0
L 5.806678 4.153442 5.891322 4.153442 0 P 0
L 5.806678 4.20856 5.891322 4.20856 0 P 0
L 5.806678 4.236442 5.806678 4.29156 0 P 0
L 5.806678 4.236442 5.891322 4.236442 0 P 0
L 5.806678 4.29156 5.891322 4.29156 0 P 0
L 5.806678 4.319442 5.806678 4.37456 0 P 0
L 5.806678 4.319442 5.891322 4.319442 0 P 0
L 5.806678 4.37456 5.891322 4.37456 0 P 0
L 5.806678 4.402442 5.806678 4.45756 0 P 0
L 5.806678 4.402442 5.891322 4.402442 0 P 0
L 5.806678 4.45756 5.891322 4.45756 0 P 0
L 5.80808 3.304606 5.80808 3.32941 0 P 0
L 5.80808 3.386606 5.80808 3.41141 0 P 0
L 5.835088 3.304598 5.835088 3.329402 0 P 0
L 5.835088 3.304598 5.84808 3.304598 0 P 0
L 5.835088 3.329402 5.84808 3.329402 0 P 0
L 5.835088 3.386606 5.835088 3.41141 0 P 0
L 5.835088 3.386606 5.84808 3.386606 0 P 0
L 5.835088 3.41141 5.84808 3.41141 0 P 0
L 5.836284 5.165536 5.836284 5.232464 0 P 0
L 5.836284 5.165536 5.871716 5.165536 0 P 0
L 5.836284 5.232464 5.871716 5.232464 0 P 0
L 5.84808 3.304598 5.84808 3.329402 0 P 0
L 5.84808 3.386606 5.84808 3.41141 0 P 0
L 5.871716 5.165536 5.871716 5.232464 0 P 0
L 5.875088 3.304598 5.875088 3.329402 0 P 0
L 5.875088 3.304598 5.88808 3.304598 0 P 0
L 5.875088 3.329402 5.88808 3.329402 0 P 0
L 5.875504 3.386606 5.875504 3.41141 0 P 0
L 5.875504 3.386606 5.888496 3.386606 0 P 0
L 5.875504 3.41141 5.888496 3.41141 0 P 0
L 5.88808 3.304598 5.88808 3.329402 0 P 0
L 5.888496 3.386606 5.888496 3.41141 0 P 0
L 5.891322 4.153442 5.891322 4.20856 0 P 0
L 5.891322 4.236442 5.891322 4.29156 0 P 0
L 5.891322 4.319442 5.891322 4.37456 0 P 0
L 5.891322 4.402442 5.891322 4.45756 0 P 0
L 5.892456 1.722694 5.892456 1.809308 0 P 0
L 5.892456 1.722694 5.949544 1.722694 0 P 0
L 5.892456 1.809308 5.949544 1.809308 0 P 0
L 5.915088 3.304598 5.915088 3.329402 0 P 0
L 5.915088 3.304598 5.92808 3.304598 0 P 0
L 5.915088 3.329402 5.92808 3.329402 0 P 0
L 5.915088 3.386606 5.915088 3.41141 0 P 0
L 5.915088 3.386606 5.92808 3.386606 0 P 0
L 5.915088 3.41141 5.92808 3.41141 0 P 0
L 5.92808 3.304598 5.92808 3.329402 0 P 0
L 5.92808 3.386606 5.92808 3.41141 0 P 0
L 5.949544 1.722694 5.949544 1.809308 0 P 0
L 5.952324 2.330598 5.952324 2.355402 0 P 0
L 5.952324 2.330598 5.965316 2.330598 0 P 0
L 5.952324 2.355402 5.965316 2.355402 0 P 0
L 5.952324 2.405606 5.952324 2.43041 0 P 0
L 5.952324 2.405606 5.965316 2.405606 0 P 0
L 5.952324 2.43041 5.965316 2.43041 0 P 0
L 5.952324 2.694598 5.952324 2.719402 0 P 0
L 5.952324 2.694598 5.965316 2.694598 0 P 0
L 5.952324 2.719402 5.965316 2.719402 0 P 0
L 5.953136 2.522598 5.953136 2.547402 0 P 0
L 5.953136 2.522598 5.966128 2.522598 0 P 0
L 5.953136 2.547402 5.966128 2.547402 0 P 0
L 5.955088 3.304598 5.955088 3.329402 0 P 0
L 5.955088 3.304598 5.96808 3.304598 0 P 0
L 5.955088 3.329402 5.96808 3.329402 0 P 0
L 5.955088 3.386606 5.955088 3.41141 0 P 0
L 5.955088 3.386606 5.96808 3.386606 0 P 0
L 5.955088 3.41141 5.96808 3.41141 0 P 0
L 5.965316 2.330598 5.965316 2.355402 0 P 0
L 5.965316 2.405606 5.965316 2.43041 0 P 0
L 5.965316 2.694598 5.965316 2.719402 0 P 0
L 5.966128 2.522598 5.966128 2.547402 0 P 0
L 5.96808 3.304598 5.96808 3.329402 0 P 0
L 5.96808 3.386606 5.96808 3.41141 0 P 0
L 5.974166 3.860944 5.974166 3.979056 0 P 0
L 5.994504 3.304598 5.994504 3.329402 0 P 0
L 5.994504 3.304598 6.007496 3.304598 0 P 0
L 5.994504 3.329402 6.007496 3.329402 0 P 0
L 5.994504 3.386598 5.994504 3.411402 0 P 0
L 5.994504 3.386598 6.007496 3.386598 0 P 0
L 5.994504 3.411402 6.007496 3.411402 0 P 0
L 5.998166 1.722694 5.998166 1.809308 0 P 0
L 5.998166 1.722694 6.055254 1.722694 0 P 0
L 5.998166 1.809308 6.055254 1.809308 0 P 0
L 6.007496 3.304598 6.007496 3.329402 0 P 0
L 6.007496 3.386598 6.007496 3.411402 0 P 0
L 6.011536 1.081284 6.011536 1.116716 0 P 0
L 6.011536 1.081284 6.078464 1.081284 0 P 0
L 6.011536 1.116716 6.078464 1.116716 0 P 0
L 6.0273 2.226504 6.0273 2.239496 0 P 0
L 6.0273 2.226504 6.052104 2.226504 0 P 0
L 6.0273 2.239496 6.052104 2.239496 0 P 0
L 6.033206 3.386598 6.033206 3.411402 0 P 0
L 6.033206 3.386598 6.046198 3.386598 0 P 0
L 6.033206 3.411402 6.046198 3.411402 0 P 0
L 6.034504 3.304598 6.034504 3.329402 0 P 0
L 6.034504 3.304598 6.047496 3.304598 0 P 0
L 6.034504 3.329402 6.047496 3.329402 0 P 0
L 6.046198 3.386598 6.046198 3.411402 0 P 0
L 6.047496 3.304598 6.047496 3.329402 0 P 0
L 6.052104 2.226504 6.052104 2.239496 0 P 0
L 6.055254 1.722694 6.055254 1.809308 0 P 0
L 6.078464 1.081284 6.078464 1.116716 0 P 0
L 6.102122 1.722694 6.102122 1.809308 0 P 0
L 6.102122 1.722694 6.15921 1.722694 0 P 0
L 6.102122 1.809308 6.15921 1.809308 0 P 0
L 6.106228 2.226504 6.106228 2.239496 0 P 0
L 6.106228 2.226504 6.131032 2.226504 0 P 0
L 6.106228 2.239496 6.131032 2.239496 0 P 0
L 6.106228 2.860504 6.106228 2.873496 0 P 0
L 6.106228 2.860504 6.131032 2.860504 0 P 0
L 6.106228 2.873496 6.131032 2.873496 0 P 0
L 6.130536 1.081284 6.130536 1.116716 0 P 0
L 6.130536 1.081284 6.197464 1.081284 0 P 0
L 6.130536 1.116716 6.197464 1.116716 0 P 0
L 6.131032 2.226504 6.131032 2.239496 0 P 0
L 6.131032 2.860504 6.131032 2.873496 0 P 0
L 6.15921 1.722694 6.15921 1.809308 0 P 0
L 6.165564 4.814292 6.165564 4.898938 0 P 0
L 6.165564 4.814292 6.220682 4.814292 0 P 0
L 6.165564 4.898938 6.220682 4.898938 0 P 0
L 6.17619 4.774748 6.17619 4.818056 0 P 0
L 6.17619 4.774748 6.199812 4.774748 0 P 0
L 6.17619 4.818056 6.199812 4.818056 0 P 0
L 6.17619 4.903346 6.17619 4.946654 0 P 0
L 6.17619 4.903346 6.199812 4.903346 0 P 0
L 6.17619 4.946654 6.199812 4.946654 0 P 0
L 6.182458 3.324692 6.182458 3.411306 0 P 0
L 6.182458 3.324692 6.239546 3.324692 0 P 0
L 6.182458 3.411306 6.239546 3.411306 0 P 0
L 6.182836 2.860504 6.182836 2.873496 0 P 0
L 6.182836 2.860504 6.207638 2.860504 0 P 0
L 6.182836 2.873496 6.207638 2.873496 0 P 0
L 6.197464 1.081284 6.197464 1.116716 0 P 0
L 6.199812 4.774748 6.199812 4.818056 0 P 0
L 6.199812 4.903346 6.199812 4.946654 0 P 0
L 6.206934 1.722694 6.206934 1.809308 0 P 0
L 6.206934 1.722694 6.264022 1.722694 0 P 0
L 6.206934 1.809308 6.264022 1.809308 0 P 0
L 6.207638 2.860504 6.207638 2.873496 0 P 0
L 6.214308 3.956524 6.214308 4.209476 0 P 0
L 6.214308 3.956524 6.294524 3.876308 0 P 0
L 6.214308 4.209476 6.294524 4.289692 0 P 0
L 6.215308 3.956524 6.215308 4.209476 0 P 0
L 6.215308 3.956524 6.295524 3.876308 0 P 0
L 6.215308 4.209476 6.295524 4.289694 0 P 0
L 6.220682 4.814292 6.220682 4.898938 0 P 0
L 6.224102 2.226504 6.224102 2.239496 0 P 0
L 6.224102 2.226504 6.248906 2.226504 0 P 0
L 6.224102 2.239496 6.248906 2.239496 0 P 0
L 6.239546 3.324692 6.239546 3.411306 0 P 0
L 6.248906 2.226504 6.248906 2.239496 0 P 0
L 6.256094 4.839188 6.256094 4.862812 0 P 0
L 6.256094 4.839188 6.267906 4.839188 0 P 0
L 6.256094 4.862812 6.267906 4.862812 0 P 0
L 6.264022 1.722694 6.264022 1.809308 0 P 0
L 6.266606 2.860504 6.266606 2.873496 0 P 0
L 6.266606 2.860504 6.29141 2.860504 0 P 0
L 6.266606 2.873496 6.29141 2.873496 0 P 0
L 6.267906 4.839188 6.267906 4.862812 0 P 0
L 6.290458 3.325692 6.290458 3.412306 0 P 0
L 6.290458 3.325692 6.347546 3.325692 0 P 0
L 6.290458 3.412306 6.347546 3.412306 0 P 0
L 6.29141 2.860504 6.29141 2.873496 0 P 0
L 6.294524 3.876308 6.627692 3.876308 0 P 0
L 6.294524 4.289692 6.627692 4.289692 0 P 0
L 6.295524 3.876308 6.628692 3.876308 0 P 0
L 6.295524 4.289694 6.628692 4.289694 0 P 0
L 6.303598 2.226504 6.303598 2.239496 0 P 0
L 6.303598 2.226504 6.328402 2.226504 0 P 0
L 6.303598 2.239496 6.328402 2.239496 0 P 0
L 6.328402 2.226504 6.328402 2.239496 0 P 0
L 6.340442 4.871678 6.340442 4.956322 0 P 0
L 6.340442 4.871678 6.39556 4.871678 0 P 0
L 6.340442 4.956322 6.39556 4.956322 0 P 0
L 6.340646 5.209174 6.340646 5.230826 0 P 0
L 6.340646 5.209174 6.381984 5.209174 0 P 0
L 6.340646 5.230826 6.381984 5.230826 0 P 0
L 6.344598 2.860504 6.344598 2.873496 0 P 0
L 6.344598 2.860504 6.369402 2.860504 0 P 0
L 6.344598 2.873496 6.369402 2.873496 0 P 0
L 6.347546 3.325692 6.347546 3.412306 0 P 0
L 6.369402 2.860504 6.369402 2.873496 0 P 0
L 6.381984 5.209174 6.381984 5.230826 0 P 0
L 6.39556 4.871678 6.39556 4.956322 0 P 0
L 6.396458 3.326692 6.396458 3.413306 0 P 0
L 6.396458 3.326692 6.453546 3.326692 0 P 0
L 6.396458 3.413306 6.453546 3.413306 0 P 0
L 6.40536 1.722694 6.40536 1.809308 0 P 0
L 6.40536 1.722694 6.462448 1.722694 0 P 0
L 6.40536 1.809308 6.462448 1.809308 0 P 0
L 6.421764 2.860504 6.421764 2.873496 0 P 0
L 6.421764 2.860504 6.446568 2.860504 0 P 0
L 6.421764 2.873496 6.446568 2.873496 0 P 0
L 6.422532 2.226504 6.422532 2.239496 0 P 0
L 6.422532 2.226504 6.447336 2.226504 0 P 0
L 6.422532 2.239496 6.447336 2.239496 0 P 0
L 6.446568 2.860504 6.446568 2.873496 0 P 0
L 6.447336 2.226504 6.447336 2.239496 0 P 0
L 6.453546 3.326692 6.453546 3.413306 0 P 0
L 6.462448 1.722694 6.462448 1.809308 0 P 0
L 6.488134 4.890544 6.488134 5.083456 0 P 0
L 6.488134 4.890544 6.629866 4.890544 0 P 0
L 6.488134 5.083456 6.629866 5.083456 0 P 0
L 6.493134 4.447544 6.493134 4.640456 0 P 0
L 6.493134 4.447544 6.634866 4.447544 0 P 0
L 6.493134 4.640456 6.634866 4.640456 0 P 0
L 6.500894 2.226504 6.500894 2.239496 0 P 0
L 6.500894 2.226504 6.525698 2.226504 0 P 0
L 6.500894 2.239496 6.525698 2.239496 0 P 0
L 6.502458 3.325692 6.502458 3.412306 0 P 0
L 6.502458 3.325692 6.559546 3.325692 0 P 0
L 6.502458 3.412306 6.559546 3.412306 0 P 0
L 6.507308 4.633524 6.507308 4.886476 0 P 0
L 6.507308 4.633524 6.587524 4.553308 0 P 0
L 6.507308 4.886476 6.587524 4.966692 0 P 0
L 6.510456 1.722694 6.510456 1.809308 0 P 0
L 6.510456 1.722694 6.567544 1.722694 0 P 0
L 6.510456 1.809308 6.567544 1.809308 0 P 0
L 6.525698 2.226504 6.525698 2.239496 0 P 0
L 6.559546 3.325692 6.559546 3.412306 0 P 0
L 6.567544 1.722694 6.567544 1.809308 0 P 0
L 6.587524 4.553308 6.920692 4.553308 0 P 0
L 6.587524 4.966692 6.920692 4.966692 0 P 0
L 6.615598 2.524504 6.615598 2.537496 0 P 0
L 6.615598 2.524504 6.640402 2.524504 0 P 0
L 6.615598 2.537496 6.640402 2.537496 0 P 0
L 6.615598 2.565504 6.615598 2.578496 0 P 0
L 6.615598 2.565504 6.640402 2.565504 0 P 0
L 6.615598 2.578496 6.640402 2.578496 0 P 0
L 6.615598 2.662504 6.615598 2.675496 0 P 0
L 6.615598 2.662504 6.640402 2.662504 0 P 0
L 6.615598 2.675496 6.640402 2.675496 0 P 0
L 6.61922 2.306324 6.61922 2.319316 0 P 0
L 6.61922 2.306324 6.644022 2.306324 0 P 0
L 6.61922 2.319316 6.644022 2.319316 0 P 0
L 6.61922 2.349496 6.61922 2.362488 0 P 0
L 6.61922 2.349496 6.644022 2.349496 0 P 0
L 6.61922 2.362488 6.644022 2.362488 0 P 0
L 6.627692 3.876308 6.627692 4.289692 0 P 0
L 6.628692 3.876308 6.628692 4.289694 0 P 0
L 6.629866 4.890544 6.629866 5.083456 0 P 0
L 6.634866 4.447544 6.634866 4.640456 0 P 0
L 6.640402 2.524504 6.640402 2.537496 0 P 0
L 6.640402 2.565504 6.640402 2.578496 0 P 0
L 6.640402 2.662504 6.640402 2.675496 0 P 0
L 6.644022 2.306324 6.644022 2.319316 0 P 0
L 6.644022 2.349496 6.644022 2.362488 0 P 0
L 6.666992 1.570284 6.666992 1.605716 0 P 0
L 6.666992 1.570284 6.733922 1.570284 0 P 0
L 6.666992 1.605716 6.733922 1.605716 0 P 0
L 6.683134 4.891544 6.683134 5.084456 0 P 0
L 6.683134 4.891544 6.824866 4.891544 0 P 0
L 6.683134 5.084456 6.824866 5.084456 0 P 0
L 6.690134 4.447544 6.690134 4.640456 0 P 0
L 6.690134 4.447544 6.831866 4.447544 0 P 0
L 6.690134 4.640456 6.831866 4.640456 0 P 0
L 6.733922 1.570284 6.733922 1.605716 0 P 0
L 6.824866 4.891544 6.824866 5.084456 0 P 0
L 6.831866 4.447544 6.831866 4.640456 0 P 0
L 6.920692 4.553308 6.920692 4.966692 0 P 0
L 7.057692 2.297456 7.057692 2.354544 0 P 0
L 7.057692 2.297456 7.144306 2.297456 0 P 0
L 7.057692 2.354544 7.144306 2.354544 0 P 0
L 7.057692 2.448456 7.057692 2.505544 0 P 0
L 7.057692 2.448456 7.144306 2.448456 0 P 0
L 7.057692 2.505544 7.144306 2.505544 0 P 0
L 7.057692 2.599456 7.057692 2.656544 0 P 0
L 7.057692 2.599456 7.144306 2.599456 0 P 0
L 7.057692 2.656544 7.144306 2.656544 0 P 0
L 7.057692 2.750456 7.057692 2.807544 0 P 0
L 7.057692 2.750456 7.144306 2.750456 0 P 0
L 7.057692 2.807544 7.144306 2.807544 0 P 0
L 7.057692 2.901456 7.057692 2.958544 0 P 0
L 7.057692 2.901456 7.144306 2.901456 0 P 0
L 7.057692 2.958544 7.144306 2.958544 0 P 0
L 7.057692 3.052456 7.057692 3.109544 0 P 0
L 7.057692 3.052456 7.144306 3.052456 0 P 0
L 7.057692 3.109544 7.144306 3.109544 0 P 0
L 7.144306 2.297456 7.144306 2.354544 0 P 0
L 7.144306 2.448456 7.144306 2.505544 0 P 0
L 7.144306 2.599456 7.144306 2.656544 0 P 0
L 7.144306 2.750456 7.144306 2.807544 0 P 0
L 7.144306 2.901456 7.144306 2.958544 0 P 0
L 7.144306 3.052456 7.144306 3.109544 0 P 0
L 7.156086 0.114086 7.156086 0.349914 0 P 0
L 7.156086 0.114086 7.391914 0.114086 0 P 0
L 7.156086 0.349914 7.391914 0.349914 0 P 0
L 7.181996 1.421004 7.181996 1.641004 0 P 0
L 7.18731 1.61131 7.18731 1.647924 0 P 0
L 7.18731 1.61131 7.226684 1.61131 0 P 0
L 7.187316 1.414068 7.187316 1.450684 0 P 0
L 7.187316 1.450684 7.22669 1.450684 0 P 0
L 7.190068 1.650684 7.226684 1.650684 0 P 0
L 7.190076 1.41131 7.22669 1.41131 0 P 0
L 7.196996 1.406004 7.416996 1.406004 0 P 0
L 7.196996 1.656004 7.416996 1.656004 0 P 0
L 7.226684 1.61131 7.226684 1.650684 0 P 0
L 7.22669 1.41131 7.22669 1.450684 0 P 0
L 7.29333 4.915174 7.29333 4.936826 0 P 0
L 7.29333 4.915174 7.33467 4.915174 0 P 0
L 7.29333 4.936826 7.33467 4.936826 0 P 0
L 7.29333 4.969174 7.29333 4.990826 0 P 0
L 7.29333 4.969174 7.33467 4.969174 0 P 0
L 7.29333 4.990826 7.33467 4.990826 0 P 0
L 7.30306 1.506308 7.30306 1.555684 0 P 0
L 7.310932 1.506308 7.310932 1.555684 0 P 0
L 7.33467 4.915174 7.33467 4.936826 0 P 0
L 7.33467 4.969174 7.33467 4.990826 0 P 0
L 7.387308 1.61132 7.387308 1.650692 0 P 0
L 7.387308 1.61132 7.42668 1.61132 0 P 0
L 7.387308 1.650692 7.423922 1.650692 0 P 0
L 7.387316 1.411316 7.387316 1.45069 0 P 0
L 7.387316 1.411316 7.423932 1.411316 0 P 0
L 7.387316 1.45069 7.42669 1.45069 0 P 0
L 7.391914 0.114086 7.391914 0.349914 0 P 0
L 7.42668 1.61132 7.42668 1.647934 0 P 0
L 7.42669 1.414076 7.42669 1.45069 0 P 0
L 7.428028 3.899834 7.428028 4.254166 0 P 0
L 7.428028 3.899834 7.546138 3.899834 0 P 0
L 7.428028 4.254166 7.546138 4.254166 0 P 0
L 7.431996 1.421004 7.431996 1.641004 0 P 0
L 7.510086 0.122086 7.510086 0.357914 0 P 0
L 7.510086 0.122086 7.745914 0.122086 0 P 0
L 7.510086 0.357914 7.745914 0.357914 0 P 0
L 7.518284 0.528536 7.518284 0.595464 0 P 0
L 7.518284 0.528536 7.553716 0.528536 0 P 0
L 7.518284 0.595464 7.553716 0.595464 0 P 0
L 7.546138 3.899834 7.546138 4.254166 0 P 0
L 7.553716 0.528536 7.553716 0.595464 0 P 0
L 7.573284 5.155338 7.573284 5.222268 0 P 0
L 7.573284 5.155338 7.608716 5.155338 0 P 0
L 7.573284 5.222268 7.608716 5.222268 0 P 0
L 7.608716 5.155338 7.608716 5.222268 0 P 0
L 7.609536 0.8803 7.609536 0.917702 0 P 0
L 7.609536 0.8803 7.676464 0.8803 0 P 0
L 7.609536 0.917702 7.676464 0.917702 0 P 0
L 7.634284 5.155338 7.634284 5.222268 0 P 0
L 7.634284 5.155338 7.669716 5.155338 0 P 0
L 7.634284 5.222268 7.669716 5.222268 0 P 0
L 7.65415 2.87941 7.65415 3.23374 0 P 0
L 7.65415 2.87941 7.77226 2.87941 0 P 0
L 7.65415 3.23374 7.77226 3.23374 0 P 0
L 7.661056 0.757504 7.661056 0.820496 0 P 0
L 7.661056 0.757504 7.692944 0.757504 0 P 0
L 7.661056 0.820496 7.692944 0.820496 0 P 0
L 7.669716 5.155338 7.669716 5.222268 0 P 0
L 7.676464 0.8803 7.676464 0.917702 0 P 0
L 7.679598 0.647504 7.679598 0.660496 0 P 0
L 7.679598 0.647504 7.704402 0.647504 0 P 0
L 7.679598 0.660496 7.704402 0.660496 0 P 0
L 7.692944 0.757504 7.692944 0.820496 0 P 0
L 7.704402 0.647504 7.704402 0.660496 0 P 0
L 7.709504 5.191166 7.709504 5.215968 0 P 0
L 7.709504 5.191166 7.722496 5.191166 0 P 0
L 7.709504 5.215968 7.722496 5.215968 0 P 0
L 7.722496 5.191166 7.722496 5.215968 0 P 0
L 7.745914 0.122086 7.745914 0.357914 0 P 0
L 7.747938 1.039284 7.747938 1.074716 0 P 0
L 7.747938 1.039284 7.814866 1.039284 0 P 0
L 7.747938 1.074716 7.814866 1.074716 0 P 0
L 7.748536 1.097284 7.748536 1.132716 0 P 0
L 7.748536 1.097284 7.815464 1.097284 0 P 0
L 7.748536 1.132716 7.815464 1.132716 0 P 0
L 7.759284 5.155338 7.759284 5.222268 0 P 0
L 7.759284 5.155338 7.794716 5.155338 0 P 0
L 7.759284 5.222268 7.794716 5.222268 0 P 0
L 7.765212 4.124442 7.765212 4.17956 0 P 0
L 7.765212 4.124442 7.849858 4.124442 0 P 0
L 7.765212 4.17956 7.849858 4.17956 0 P 0
L 7.765212 4.209108 7.765212 4.264226 0 P 0
L 7.765212 4.209108 7.849858 4.209108 0 P 0
L 7.765212 4.264226 7.849858 4.264226 0 P 0
L 7.765212 4.293774 7.765212 4.348892 0 P 0
L 7.765212 4.293774 7.849858 4.293774 0 P 0
L 7.765212 4.348892 7.849858 4.348892 0 P 0
L 7.765212 4.37844 7.765212 4.433558 0 P 0
L 7.765212 4.37844 7.849858 4.37844 0 P 0
L 7.765212 4.433558 7.849858 4.433558 0 P 0
L 7.77226 2.87941 7.77226 3.23374 0 P 0
L 7.794716 5.155338 7.794716 5.222268 0 P 0
L 7.806504 0.933606 7.806504 0.95841 0 P 0
L 7.806504 0.933606 7.819496 0.933606 0 P 0
L 7.806504 0.95841 7.819496 0.95841 0 P 0
L 7.814866 1.039284 7.814866 1.074716 0 P 0
L 7.815464 1.097284 7.815464 1.132716 0 P 0
L 7.819496 0.933606 7.819496 0.95841 0 P 0
L 7.849858 4.124442 7.849858 4.17956 0 P 0
L 7.849858 4.209108 7.849858 4.264226 0 P 0
L 7.849858 4.293774 7.849858 4.348892 0 P 0
L 7.849858 4.37844 7.849858 4.433558 0 P 0
L 7.871818 0.946598 7.871818 0.971402 0 P 0
L 7.871818 0.946598 7.884812 0.946598 0 P 0
L 7.871818 0.971402 7.884812 0.971402 0 P 0
L 7.873394 1.039284 7.873394 1.074716 0 P 0
L 7.873394 1.039284 7.940322 1.039284 0 P 0
L 7.873394 1.074716 7.940322 1.074716 0 P 0
L 7.884812 0.946598 7.884812 0.971402 0 P 0
L 7.903426 1.421004 7.903426 1.641004 0 P 0
L 7.908736 1.611314 7.908736 1.647928 0 P 0
L 7.908736 1.611314 7.948108 1.611314 0 P 0
L 7.908746 1.414076 7.908746 1.45069 0 P 0
L 7.908746 1.45069 7.948118 1.45069 0 P 0
L 7.911494 1.650686 7.948108 1.650686 0 P 0
L 7.911504 1.411316 7.948118 1.411316 0 P 0
L 7.918426 1.406004 8.138426 1.406004 0 P 0
L 7.918426 1.656004 8.138426 1.656004 0 P 0
L 7.940322 1.039284 7.940322 1.074716 0 P 0
L 7.948108 1.611314 7.948108 1.650686 0 P 0
L 7.948118 1.411316 7.948118 1.45069 0 P 0
L 7.953102 0.5113 7.953102 0.548702 0 P 0
L 7.953102 0.5113 8.02003 0.5113 0 P 0
L 7.953102 0.548702 8.02003 0.548702 0 P 0
L 7.96474 0.44759 7.96474 0.472394 0 P 0
L 7.96474 0.44759 7.977732 0.44759 0 P 0
L 7.96474 0.472394 7.977732 0.472394 0 P 0
L 7.977732 0.44759 7.977732 0.472394 0 P 0
L 7.99585 0.44759 7.99585 0.472394 0 P 0
L 7.99585 0.44759 8.008842 0.44759 0 P 0
L 7.99585 0.472394 8.008842 0.472394 0 P 0
L 8.003744 1.527068 8.05312 1.527068 0 P 0
L 8.003744 1.53494 8.05312 1.53494 0 P 0
L 8.008842 0.44759 8.008842 0.472394 0 P 0
L 8.02003 0.5113 8.02003 0.548702 0 P 0
L 8.081504 0.75359 8.081504 0.778394 0 P 0
L 8.081504 0.75359 8.094496 0.75359 0 P 0
L 8.081504 0.778394 8.094496 0.778394 0 P 0
L 8.094496 0.75359 8.094496 0.778394 0 P 0
L 8.103308 3.9355655 8.103308 4.1885175 0 P 0
L 8.103308 3.9355655 8.183524 3.8553495 0 P 0
L 8.103308 4.1885175 8.183524 4.2687335 0 P 0
L 8.105442 4.822678 8.105442 4.907322 0 P 0
L 8.105442 4.822678 8.16056 4.822678 0 P 0
L 8.105442 4.907322 8.16056 4.907322 0 P 0
L 8.108738 1.611324 8.108738 1.650696 0 P 0
L 8.108738 1.611324 8.148112 1.611324 0 P 0
L 8.108738 1.650696 8.145354 1.650696 0 P 0
L 8.108746 1.411324 8.108746 1.450696 0 P 0
L 8.108746 1.411324 8.14536 1.411324 0 P 0
L 8.108746 1.450696 8.148118 1.450696 0 P 0
L 8.12119 4.775346 8.12119 4.818654 0 P 0
L 8.12119 4.775346 8.144812 4.775346 0 P 0
L 8.12119 4.818654 8.144812 4.818654 0 P 0
L 8.12119 4.908756 8.12119 4.952064 0 P 0
L 8.12119 4.908756 8.144812 4.908756 0 P 0
L 8.12119 4.952064 8.144812 4.952064 0 P 0
L 8.141308 3.935524 8.141308 4.188476 0 P 0
L 8.141308 3.935524 8.221524 3.855308 0 P 0
L 8.141308 4.188476 8.221524 4.268692 0 P 0
L 8.144812 4.775346 8.144812 4.818654 0 P 0
L 8.144812 4.908756 8.144812 4.952064 0 P 0
L 8.148112 1.611324 8.148112 1.647938 0 P 0
L 8.148118 1.414082 8.148118 1.450696 0 P 0
L 8.153426 1.421004 8.153426 1.641004 0 P 0
L 8.16056 4.822678 8.16056 4.907322 0 P 0
L 8.183524 3.8553495 8.516692 3.8553495 0 P 0
L 8.183524 4.2687335 8.516692 4.2687335 0 P 0
L 8.192008 4.84914 8.192008 4.872762 0 P 0
L 8.192008 4.84914 8.203818 4.84914 0 P 0
L 8.192008 4.872762 8.203818 4.872762 0 P 0
L 8.1993303 0.403754 8.1993303 0.416746 0 P 0
L 8.1993303 0.403754 8.2241343 0.403754 0 P 0
L 8.1993303 0.416746 8.2241343 0.416746 0 P 0
L 8.203818 4.84914 8.203818 4.872762 0 P 0
L 8.221524 3.855308 8.554692 3.855308 0 P 0
L 8.221524 4.268692 8.554692 4.268692 0 P 0
L 8.2241343 0.403754 8.2241343 0.416746 0 P 0
L 8.29033 5.221174 8.29033 5.242826 0 P 0
L 8.29033 5.221174 8.33167 5.221174 0 P 0
L 8.29033 5.242826 8.33167 5.242826 0 P 0
L 8.311442 4.883678 8.311442 4.968322 0 P 0
L 8.311442 4.883678 8.36656 4.883678 0 P 0
L 8.311442 4.968322 8.36656 4.968322 0 P 0
L 8.33167 5.221174 8.33167 5.242826 0 P 0
L 8.36656 4.883678 8.36656 4.968322 0 P 0
L 8.473134 4.485544 8.473134 4.678456 0 P 0
L 8.473134 4.485544 8.614866 4.485544 0 P 0
L 8.473134 4.678456 8.614866 4.678456 0 P 0
L 8.473134 4.914544 8.473134 5.107456 0 P 0
L 8.473134 4.914544 8.614866 4.914544 0 P 0
L 8.473134 5.107456 8.614866 5.107456 0 P 0
L 8.483308 4.647838 8.483308 4.900792 0 P 0
L 8.483308 4.647838 8.563524 4.567622 0 P 0
L 8.483308 4.900792 8.563524 4.981008 0 P 0
L 8.516692 3.8553495 8.516692 4.2687335 0 P 0
L 8.554692 3.855308 8.554692 4.268692 0 P 0
L 8.563524 4.567622 8.896692 4.567622 0 P 0
L 8.563524 4.981008 8.896692 4.981008 0 P 0
L 8.614866 4.485544 8.614866 4.678456 0 P 0
L 8.614866 4.914544 8.614866 5.107456 0 P 0
L 8.658134 4.485544 8.658134 4.678456 0 P 0
L 8.658134 4.485544 8.799866 4.485544 0 P 0
L 8.658134 4.678456 8.799866 4.678456 0 P 0
L 8.658134 4.914544 8.658134 5.107456 0 P 0
L 8.658134 4.914544 8.799866 4.914544 0 P 0
L 8.658134 5.107456 8.799866 5.107456 0 P 0
L 8.799866 4.485544 8.799866 4.678456 0 P 0
L 8.799866 4.914544 8.799866 5.107456 0 P 0
L 8.895276 2.66422 8.895276 3.03233 0 P 0
L 8.895276 2.66422 9.304724 2.66422 0 P 0
L 8.895276 3.03233 9.304724 3.03233 0 P 0
L 8.896692 4.567622 8.896692 4.981008 0 P 0
L 8.902276 1.7297 8.902276 2.097812 0 P 0
L 8.902276 1.7297 9.311724 1.7297 0 P 0
L 8.902276 2.097812 9.311724 2.097812 0 P 0
L 8.912694 3.317456 8.912694 3.374544 0 P 0
L 8.912694 3.317456 8.999308 3.317456 0 P 0
L 8.912694 3.374544 8.999308 3.374544 0 P 0
L 8.922694 2.343456 8.922694 2.400544 0 P 0
L 8.922694 2.343456 9.009308 2.343456 0 P 0
L 8.922694 2.400544 9.009308 2.400544 0 P 0
L 8.999308 3.317456 8.999308 3.374544 0 P 0
L 9.009308 2.343456 9.009308 2.400544 0 P 0
L 9.104692 3.315456 9.104692 3.372544 0 P 0
L 9.104692 3.315456 9.191308 3.315456 0 P 0
L 9.104692 3.372544 9.191308 3.372544 0 P 0
L 9.155692 2.338456 9.155692 2.395544 0 P 0
L 9.155692 2.338456 9.242308 2.338456 0 P 0
L 9.155692 2.395544 9.242308 2.395544 0 P 0
L 9.191308 3.315456 9.191308 3.372544 0 P 0
L 9.242308 2.338456 9.242308 2.395544 0 P 0
L 9.304724 2.66422 9.304724 3.03233 0 P 0
L 9.311724 1.7297 9.311724 2.097812 0 P 0
L 9.55448 2.516496 9.55448 3.122796 0 P 0
L 9.55448 2.516496 9.940308 2.516496 0 P 0
L 9.55448 3.122796 9.940308 3.122796 0 P 0
L 9.599456 2.102694 9.599456 2.189308 0 P 0
L 9.599456 2.102694 9.656544 2.102694 0 P 0
L 9.599456 2.189308 9.656544 2.189308 0 P 0
L 9.656544 2.102694 9.656544 2.189308 0 P 0
L 9.807086 1.289086 10.042914 1.289086 0 P 0
L 9.807086 1.289086 9.807086 1.524914 0 P 0
L 9.807086 1.524914 10.042914 1.524914 0 P 0
L 9.833692 2.257456 9.833692 2.314544 0 P 0
L 9.833692 2.257456 9.920308 2.257456 0 P 0
L 9.833692 2.314544 9.920308 2.314544 0 P 0
L 9.920308 2.257456 9.920308 2.314544 0 P 0
L 9.940308 2.516496 9.940308 3.122796 0 P 0
L 9.940308 2.74878 10.0033 2.74878 0 P 0
L 9.940308 2.890512 10.0033 2.890512 0 P 0
P 0.759636 1.103 2 P 0 0
